36909845
36777029
36685526
34261660
34654665
34362705
35020530
28506825
34270376
33735585
27289531
28332810
27181174
36466693
36466632
36355776
26369355
36389175
36262970
36275016
34455901
26318192
36237430
36211411
24826882
35192786
35108152
34319865
33605846
36105805
36081767
36051551
35983167
36034696
36032729
35947593
36043149
35881575
36578495
35935372
36530676
36466507
36170255
35903351
36107979
35836804
35183590
35167860
33682584
36159837
33358259
35719354
35663786
35171454
35170144
34788694
36071818
36106084
35877653
35544535
35148524
35026180
34882256
35935209
35572628
36845237
35195438
35812707
35531333
35847562
35498792
35404980
35464398
35874779
35167935
35462885
35419149
35113406
35094903
35358229
35368516
35388353
35378873
35687548
35265810
35369518
35103473
35360096
35265327
35146187
34838594
35613138
34787536
34606144
34446339
33356678
35295756
36304309
35210526
35196993
35655653
35192611
35371694
35180838
35573224
35509958
35601864
35107102
35252035
35139905
35134049
34761861
35109894
35110279
35360781
35033634
35017451
34927318
34882050
34863914
34843957
35463651
35441146
34672963
34655753
34654985
34606393
34404313
34304944
34270748
34952754
35237491
35401483
34787955
35044805
35046419
34780275
35078664
34930025
34838814
35096646
34965085
35026986
35013351
34555450
35081201
34986178
34983432
36524880
36382945
36202079
35899568
34737041
35169333
35085362
35125986
35100597
35203763
34893342
34613800
34913059
34810003
34792015
34674343
34661955
34612137
34609107
34528332
34459329
34432166
34425035
33583215
35415660
34963470
35056502
34955529
35004347
34976074
34730410
34933533
34633850
31643977
34944755
34939580
34906085
35111703
34893630
35052998
34943357
35507782
34885251
32668450
35003989
34017992
35757824
35141318
34993034
34913645
35078580
34898424
34958740
34867055
34820619
34775129
34932443
34687426
34626552
34622200
34553839
34803081
34959569
34379993
34376350
34252004
34959557
34166822
36479234
33848895
33594960
33407056
33406941
33390332
35450419
35355735
34844456
34903146
34880636
34550809
34804758
32644889
34706841
34880711
34785887
34417598
34547327
34732790
34695564
34711030
33993217
33751028
34813444
34636798
34592373
34491462
34254252
34237220
34185930
34013453
33880536
33599373
33477200
34612671
34778109
34770961
34710074
34642087
34777284
35386999
34786414
34474265
34770828
34832035
34212399
34721882
34854607
34669279
34653190
34283704
34649972
33766947
34611260
32750107
34098627
34676819
34665115
34660483
34605761
33124213
34548867
34531081
34508859
34462162
34408804
34881190
34260494
34259365
34833138
34143447
34023892
33964302
33942163
33939189
33934980
33891188
33666254
34669608
34590133
34586515
34794273
34680454
34303412
34631602
33642434
34545108
34579272
34405230
34433620
34594333
34589455
33247582
34579365
34477157
34598420
34510155
34504714
34474707
34469560
34469556
34765679
34469554
34469553
34448742
34448741
34448740
34424176
34321442
34260499
34232567
34214672
34146254
34111578
34023525
33876602
33852103
34463568
34461697
34497778
34404462
34441847
34384412
34376214
34814569
34447389
34344825
34275675
34275672
34394399
34422683
35227359
34333918
34476339
34448412
34392645
34334167
34166300
34139580
34100002
34050408
33969642
33728545
33662473
33423503
32451293
34330228
34049733
34367088
34321896
36341033
36341032
34266380
32634831
32589706
32589699
32531017
32531015
34253291
34814539
34356929
34299454
34233904
34305922
33545012
36943823
34430429
34386745
34353079
34305126
34264807
34259178
34212841
34016471
33962007
33818909
33658143
33655670
33612378
33602639
33541841
33414242
32861222
34989220
34279491
34154422
34195257
33433970
34401297
34189170
34202542
33512333
34203030
33910963
33792695
34220819
34220777
34222496
34076491
34043338
34130979
34199284
34116653
34112096
34024658
34207530
34201199
33965257
34262815
34199760
34151025
34149363
33326316
33325771
34109104
34165425
34045002
34044998
33996389
33941014
33899754
33774804
33774218
33751422
33690064
33486654
33168147
34136513
34093009
34072129
34095179
32926149
34069789
34001122
33782153
34136102
33990180
33980943
34068621
33971969
34066697
33175600
34304468
34045183
33945458
33774020
33759577
33759242
33453206
33428870
33309309
33881487
33393596
33914847
33925354
33894778
33968011
33922299
33904293
33919149
33879499
33879129
33919637
33895758
33858129
33766422
33794090
33921275
33855100
32140705
33917003
33814028
33841879
33868688
33868282
33836875
33836129
33794985
33781659
33749214
33681756
33646896
33588245
33582025
33340211
33249948
33011301
32639189
32360778
33808050
33785491
33784296
33758087
33778054
33743625
33816612
33558371
34007496
33734645
33612341
33501993
33801955
33706426
33763388
33718497
33685411
33706469
33807653
33077301
33842268
33804301
33721818
33541794
33528794
33455514
33434669
33429180
33373731
33060517
33060111
33045125
32944895
33638077
33637783
33632144
26962617
33668334
33629168
33627095
33625372
33671611
33509693
33680219
33665182
33671944
33623397
33727995
33668442
33643271
33570020
33546631
33316271
33557365
33545061
33096014
33536509
33536028
32594132
32572481
33944725
33641121
33279275
33277177
33231116
32841749
32830808
32689869
32684402
32636039
32574101
32574099
32433794
32197798
33516338
33530280
33422381
33552427
33512346
33231685
33552984
33490915
33358264
33510506
33355321
33468699
33561247
33401908
33429831
33420151
33280853
33411748
33419114
35366267
33528944
32750261
32573398
32573310
34696559
34602924
34269016
34098822
33899170
33887324
33842206
33776394
33556949
33508836
33401487
33259886
33236693
33216464
33151497
33087526
33076151
33044434
33006878
32814840
32735530
31858115
33379200
33478232
33395458
33132333
33306743
33324800
33290386
33275684
33139134
32107527
32067048
35921562
33612742
33447823
33337936
33245004
33170499
33115852
33110587
32970473
32931992
32759581
32745637
32666480
32651007
32330397
33324449
33391930
33239464
33143954
33121845
33231293
33281908
34547422
34388671
33214657
33187395
32928958
32897359
33176908
33148351
33144377
33297773
33222938
33210468
33207948
33204762
34744743
33131502
32956850
32914284
32869330
32827751
32805360
32790009
32662120
32569798
34106809
31751159
33119683
33112930
33194779
33133707
31643749
31643239
31643230
31643191
33075098
33178633
33057372
32888740
33036626
33027266
33150226
33024653
33603996
33134416
32980007
32977863
32962476
32795850
32795602
32783615
32770825
32763445
32711113
32687792
32658800
32615197
32613596
32589094
32546331
32524657
34556347
32377878
32366495
32265292
31859164
34244054
33003480
32859435
32987794
32967147
32719154
32943429
34469555
32968689
32930758
32963653
32922724
32689914
32894364
32907284
33490866
32940992
32887458
33623260
33402957
33040504
32818394
32808581
32768281
33262614
33221736
32622623
33134136
32579285
32565151
32428736
32402734
32328992
32048889
31941343
32279472
32867740
32874139
32854773
32841261
32983693
32404483
32983678
32456442
32933615
31689349
32540869
32787857
32802827
32785145
32923222
32850546
32760078
33110643
32944333
32753151
32744365
32729745
32706329
32682662
32597749
32588805
32533999
32519092
32512120
32473235
32458777
33014369
32408156
32361591
33042095
32349917
32172370
32156696
32653727
31771418
32654902
32849386
32801832
33074177
32651162
31504334
32702037
32678023
32679694
32585694
32586764
32754150
32651354
32492342
32650475
32641317
32714092
32635349
32620122
32615947
33583786
33380138
32713146
32598866
32596738
32983076
32307307
32284196
31845018
33062198
30784307
32629935
32379295
32321782
32576241
32448624
29999947
32606645
32606812
32590341
32449913
32512736
32497137
31951771
34368693
33536669
32633776
32613936
32596498
32356026
32514445
32509292
32509291
32340078
32304471
32053211
32219584
32205139
32176839
32027810
31981610
31965365
32849365
31788746
32669474
31676065
32489667
31811916
32448790
31300817
32581530
32508883
32429853
32461910
32477966
32462018
32381620
32463603
32419537
32409120
32525135
32301919
32278128
32176838
32149751
32057844
32032620
31832691
31761453
30685351
32349795
31951091
32467794
32331317
32317661
31704169
31314141
32312246
32299523
32178909
32063433
32461275
32351949
32295873
32277070
32277147
32478306
32273315
32392010
32338751
32284378
32327794
32271355
32345232
32094135
32071045
32059844
32238570
32213257
32337598
32032175
31982627
31971241
32337597
31846125
32337596
31806417
31556120
31549360
28953097
32228530
32300367
32337595
32159209
32217675
32337594
32213620
31666494
32269571
32111525
32337593
32215324
31932845
32337592
31747309
32161418
31933358
32164349
32070681
31643179
36339016
36339009
32130901
31286137
32195602
32108748
32068266
31948716
31941798
31923349
31901291
31870880
31869625
31859192
31489741
32035706
32001071
32184908
31968224
31915288
32087697
31844013
32093381
31881396
32070324
31776027
32114977
32059033
31948817
32032364
32027629
31839585
31839468
31791812
32049856
32046817
31990601
32292774
31959321
31953711
31879133
31773179
32218184
31725550
31661630
31617270
31365152
31244339
31173373
30024308
