23438914
23387957
23375080
23347661
23320622
23313652
23312959
23303166
23292125
23275089
23266579
23266487
23266462
23252811
23232934
23230060
22885868
22747891
22703292
22647593
22487223
22329610
21912259
23362938
23432906
23432812
23246307
23418797
23315071
31463183
23732485
23588512
23391184
23338932
23291945
23245490
23238974
23224103
23222722
23211666
23147735
23118268
23095085
23080288
23002184
22992181
22982599
22968209
22911275
22806445
23344698
23339355
23158882
23292957
23299207
23300246
23297680
23196204
23174200
24564188
24454384
24391338
24292189
24291923
24270138
24180126
24110280
24066893
24040718
23956760
23903516
23864766
23835971
23711849
23698486
23691403
23678830
23648510
23637600
23596590
23596584
23563661
23560788
23560785
23457514
23451126
23451070
23442584
23437130
23432859
23429084
23406599
23349853
23336167
23332427
23241989
23241988
23234842
23212542
23146404
23142086
23132491
23114697
23104293
23104285
23076383
23071138
23034712
23023107
23000429
22992106
22935873
22922323
22911476
22906955
22875191
22858160
22796322
22789668
22542022
22450734
22411879
22407018
23256870
23254257
23235298
23099331
23099327
23228114
23844475
23593734
23265751
23177564
23099094
23085534
23059976
23052306
23038806
23017260
22990010
22985050
22968160
22946506
22921757
22902945
22863758
22791086
22382779
21659836
23226683
23176117
23199963
23167692
23157645
23046541
23171823
23141619
23254497
23137037
23301370
23287138
23287135
23239436
23147304
23146796
23129686
23092680
23009117
22965463
22961857
22954413
22850740
22806596
22782486
22668804
22570015
22203584
23097578
23092190
29062732
22940378
22863658
23033913
23383434
23383433
23360620
23188581
23188566
23101646
23089688
23051059
23007248
22984938
22925540
22873778
22862749
22843845
22842707
22828645
22821979
22819151
22814462
22784508
22766652
22673139
22578647
22538797
22153762
20655161
22889824
22874850
22721802
22951450
22939028
22939022
22939020
23997558
23198578
23094812
23024078
23021506
23018505
23018500
22996713
22987268
22935624
22932165
22903951
22894968
22869828
22858102
22855707
22842196
22809694
22778095
22753031
22752171
22733069
22726871
22723286
22700553
22642794
22568753
22551927
22070637
22791716
24900527
22736616
23040683
22935180
22914446
22795780
22705099
22687505
22665219
22658762
22618270
22617844
22583474
22549435
22543595
22537137
22463053
22383074
22302696
22292706
22215884
22203122
22147274
21868180
22849540
22849333
22852140
22691430
22919686
31463178
22919689
22683521
22697905
22775981
22761391
23866508
23229207
23198452
22953620
22953615
22817817
22751663
22743750
22732174
22711719
22585725
22582057
22573587
22553240
22525211
22513080
22387445
22353308
22293406
21985083
21981384
22580354
22742534
22741759
22731867
22726254
22712879
22581859
22579486
23369277
22676226
22386822
23240175
23240174
23240172
23173294
22840589
22737288
22665612
22632186
22594846
22561999
22561998
22544844
22539472
22521692
22508416
22500516
22470115
22460782
22389455
22372964
22357644
22333698
22324935
22301480
22222846
21621347
21083745
22607903
22669386
22475859
22595928
22427662
22919649
22551165
23077849
22708030
22691787
22667193
22644963
22634448
22569032
22515912
22515296
22509045
22473128
22428584
22404948
22398246
22387144
22371343
22287234
22282460
22189524
21987082
21874399
22513932
22513083
22444877
22430930
22919633
22431623
23960996
22973139
22654279
22541259
22511825
22505403
22458940
22434337
22418662
22415331
22403238
22403237
22385407
22379036
22365181
22350402
22342257
22336285
22328674
22327951
22306239
22301472
22301020
22287523
22192625
22106019
22077853
22038124
22033573
22293629
22919631
22306854
22288374
22224562
22436174
22230472
22919611
22397629
22355120
22919615
22198515
23477202
23450975
23082595
22685975
22606876
22442223
22377449
22330958
22327493
22307042
22292783
22285045
22230331
22226013
22209299
22198825
22198792
22170933
22170924
22170919
22153772
22102579
22074357
21933698
21901858
21851481
21676359
22245607
