25679336
25592265
25379833
25995646
25923662
25911356
25894755
25894560
26034545
26034537
25927946
25914868
25780042
25738817
25701314
25926728
25798859
25897241
25831493
25888408
25747001
26182814
26023576
25832102
25824521
25780077
25764097
25712218
25700566
26182813
25666151
25657301
25673788
25645293
25633964
25653413
25598306
25597921
25618776
25596977
25505140
25496172
25481761
25408378
25350148
25124395
25822890
25822228
25707692
25814593
25811752
25659268
25861433
25890119
25793977
25522803
25640334
25749735
29769932
25763053
25738646
26552120
25574656
26414040
25984342
25883794
26513928
25703401
25649881
25632008
25623134
25601416
25575589
25706230
25533886
25491382
25475554
25411435
25232779
25227327
25175818
25169065
23674825
25714719
25712822
25689855
25458286
25458274
25675242
25305567
25152325
25648185
25699041
25547799
25980052
25980051
25980050
25741972
25691184
25664802
25664735
25626129
25623190
25617190
25583921
25577661
25577660
25522126
25439605
25422269
25382662
25377782
25328149
25179236
24958314
24842664
25916538
24652041
25510388
25612943
25506786
25642277
25596202
25590337
25585690
25448103
26639714
26548294
26525323
26452008
26414015
26366978
26358167
26351646
26332815
26299087
26235430
26233077
26220641
26179268
26169732
26169731
26143645
26114124
26075651
26064739
26061374
26027235
26020101
25933183
25833163
25830489
24814418
25824216
25706527
25705586
25634165
25791651
25598638
25580965
25560025
25560001
25496176
25466555
25465160
25450804
25446818
25392534
25590837
25385097
25378084
25368297
25385112
25253268
25103335
25093843
25036925
25034559
24917456
24648152
24139452
25348637
25539806
25527448
25506837
25205653
25504720
25504706
25503919
25446834
25551439
25475135
25444823
25477405
25520712
25523969
25619215
25465254
25458200
25451635
25450223
25399884
25399881
25386972
25347329
25298109
25290952
25266675
25240522
25205032
25037033
25012226
25671097
24942343
23527870
24607003
25398249
25321321
24864122
25549372
25391136
25389768
25379704
24506209
25375837
25373505
25369774
25369023
26027165
25376749
25340259
25269669
25262942
25532297
25130978
25108762
25028312
25192997
24912091
25358677
25180924
25239482
25326650
29769865
25550774
25311344
25218298
25342897
25218867
25230090
25290153
25173480
25278086
25775744
25576411
25361189
25290923
25275354
25270206
25192686
25156239
25154700
25154307
25139708
25091181
25074345
25053797
24986118
24903905
24889648
24778295
24776520
24752308
24716536
24698341
24684239
24480055
23853076
21564384
25138290
25259619
25131741
25101982
25092891
25218165
25201571
25200110
25077423
25136096
26419455
25734116
25374472
25362808
25200152
25153808
25127244
25109939
25107659
25104307
25086682
25069521
25027763
25009246
25008901
24989609
24980571
24957822
24934887
24918114
24891432
24867790
24867789
24686454
24679133
25166924
25161190
25157846
25152179
24747580
25191646
25127527
25025691
24799324
25111142
25109288
24975810
25802702
25222304
25194532
25148428
25103521
25084351
25061696
25044339
25004324
24998491
24985159
24970703
24958163
24953451
24914218
24855913
24835835
24820341
24792153
24789686
24785236
24732447
24712310
24682699
24661290
24570343
24567310
23771719
24958703
25053788
25037572
25071861
24923635
24907487
25025465
25020050
25007395
25023770
24994897
25818964
25368802
25285126
25237583
25214656
25103393
25103373
25004958
24938915
24925139
24863527
24834935
24825462
24815933
24789190
24787737
24777091
24767868
24766425
24759716
24748519
24698020
24690911
24628689
24627537
24598220
24532008
24492286
25222218
25077033
24837502
24972601
24961160
24947736
24941309
24938861
24835392
24918450
24915552
24901869
24736005
24892763
28324428
25151773
25087311
24883195
24832700
24825198
24793547
24781376
24752444
24699388
24687948
24664511
24643542
24629522
24622102
24562614
24550522
24528166
24080520
24731817
24722984
24699466
24886473
24884375
24846174
24553294
24608090
24412768
24828814
24824990
24885075
24806882
29702921
29702920
25129975
24974453
24877526
24839630
24758987
24709380
24698319
24694025
24674911
24671554
24631222
24631221
24599984
24599973
24592925
24584499
24574538
24501028
24496208
24460910
24445822
24381073
24322991
24263220
24218509
23880921
24631068
24739467
24569039
24727518
24706787
24725844
24728338
24722584
24706866
24503271
24696098
24956909
24949501
24864632
24814584
24696434
24692018
24690886
24643482
24614721
24612682
24590750
24582578
24523230
24495332
24492025
24480551
24452688
24417187
24412315
24403544
24365140
24347574
24192397
24154654
24041791
23761391
24428261
24650008
24643602
24643600
24632826
24565833
24492014
24626053
24625812
24621787
24618106
24624122
27845649
25051692
24968687
24961047
24702975
24702973
24685965
24665226
24618628
24590042
24560562
24530690
24513484
24477328
24461461
24441573
24439877
24423399
24406734
24367985
24361221
24353263
24287186
24287185
24269704
24263217
24216517
23904321
24587383
24580773
24572654
24570246
24555828
24468996
25520829
26344469
24397901
24342250
24397902
24176498
24495712
24355091
24938236
24809207
24720161
24582389
24478508
24478079
24447582
24413413
24413412
24411834
24392871
24373430
24328666
24326288
24308654
24290180
24285816
24239518
24211414
24019162
24011957
23963858
24592201
24315883
24465475
24465570
24438474
24368180
24315884
24995731
25871785
25655242
25483640
25483504
25483494
25483487
25437187
25355974
25291937
25023084
24964234
24786644
24696686
24669956
24637296
24632599
24632556
24589970
24465123
24396089
24377388
24356787
24346596
24295985
24268829
24228823
24220326
24218477
24200313
24198404
24188604
24186875
24173029
24165188
24139188
24138510
24053264
24041885
24011804
24004825
23958835
23943391
23934353
23912886
23806622
24410428
24391926
24331080
24373462
24251551
24302764
24156921
24239017
23908477
24349303
24321049
24324662
24349245
25104591
24649798
24649797
24633268
24605547
24569312
24551618
24522312
24522126
24488395
24402145
24399343
24316822
24195479
24139883
24137025
24099005
24088854
24076970
24055804
24046305
24042118
24035104
24025589
23955057
23918455
23911414
23804122
23775521
23706827
23512474
24324465
24282567
24252835
24090102
23992479
24228701
24098982
24004465
24360297
24274231
24161290
24148230
24145955
24141796
24125034
24080321
23988628
23986319
23980106
23979759
23968225
23966504
23956020
23913525
23842003
23831985
23811746
23799518
23736142
23686506
23670606
23653265
23553435
22883301
24171921
24205185
24134472
24127810
24038810
24116190
24099576
24124478
24080594
24092777
24502062
24461664
24401777
24378133
24339598
24159076
24134083
24093895
24067557
24030785
24022464
23966556
23964690
23937802
23848303
23842949
23796866
23757372
23721117
23645583
23605250
23512615
23441872
24143842
23981144
25674394
24086570
23897835
24003154
24025754
24030254
23851398
24010917
23925762
24000216
26619478
24396628
24195168
24195167
24141502
24015031
24003432
23982472
23916453
23867327
23856981
23836172
23808954
23764277
23747993
23722921
23715662
23715660
23715658
23715657
23681893
23670047
23522635
23519826
23433257
23425638
23267773
23664728
23582099
24015192
23830975
23983486
23841819
23863906
23941132
23848398
23940811
25152869
23984279
23940582
23798695
23672977
24396981
24051976
23981558
23918116
23860479
23845250
23761663
23746414
23746341
23564400
23475302
23407100
23389816
23203217
23093380
23889760
23936573
23092856
23709218
23865594
23852841
23707161
23829265
23844235
23844117
23777686
24427632
23919121
23912732
23838777
23815298
23801418
23773600
23773599
23773598
23773597
23773596
23773595
23773594
23773593
23773592
23773590
23773589
23773588
23773587
23710539
23688572
23687267
23571225
23411622
23100491
23840534
23803418
23632305
23583897
23786774
23476925
23782853
23823579
23767779
24764539
23761608
23716675
23861570
23733364
23731467
27481665
25135819
24167843
23940983
23838736
23826505
23807888
23786927
23769794
23736074
23735653
23680971
23663205
23624107
23623157
23601926
23564330
23564195
23564172
23549738
23542952
23541117
23538334
23537790
23519230
23515545
23411728
23404508
23393013
23340564
23308379
23286738
23212462
23163534
23132444
23108427
23089895
23741370
22728221
23348972
23610430
23818801
23671659
22986056
23645639
29702855
24047808
23807081
23747667
23712402
23670473
23649970
23647351
23647350
23589809
23577840
23566579
23535208
23523773
23478958
23447038
23436642
23433920
23340560
23335113
23315478
23307805
23221981
23190785
23142009
23018904
22980511
23646201
23613076
23521711
23626679
23598494
23598492
23391599
23585389
23772519
23593267
23429006
23343606
23513215
24475552
24421786
24044208
23867671
23703338
23703331
23585941
23552682
23552676
23538102
23536534
23499478
23498319
23481109
23481108
23481107
23478648
23461830
23453688
23453686
23441818
23440414
23381990
23369612
23355310
23340566
23318809
23305654
23264458
23242639
23221046
23195602
23113751
23109504
23104129
23092529
23076559
26835676
23531034
23515099
23497669
23370914
23409972
23324563
25141560
23661203
23567301
23558321
23545821
23498136
23462005
