29992261
29804657
31964748
31992280
31748320
32002447
32178659
31474695
32133255
31968652
32010085
31931516
31668366
31653527
31906848
31774288
32895041
32049553
32093784
32831336
35517915
31961789
32368971
31742788
32021693
32015972
31914021
31897074
31880034
31860436
31822014
31801853
31776077
31769404
31663668
31655331
31600567
30046985
31906218
31996416
31860046
31871060
31871059
31871058
31847850
31740553
31842745
31847247
31738509
32881444
31607600
31770361
31914274
32834786
31738334
31714025
31703545
31702961
32696731
31605309
31586662
31578259
31548326
31548315
31518936
31494722
31491733
31209487
31062020
31035017
30973092
32574140
31780750
31776238
30778522
31850076
32227731
31744514
31729324
31766123
31703560
31699771
31920285
31445014
31685916
31678951
31885001
31861238
31705486
31697185
31690396
31672140
31645306
31641511
31474163
31442868
31427451
31422032
31416647
31405955
31242396
31048009
30579509
30247455
31671450
31671441
31671439
31695359
31647786
31647847
31585724
31640619
31562002
31681254
31632744
31606037
31768420
31320451
31518131
31590369
31737352
31709942
31692618
31581487
31568144
31568139
31444785
31423631
31408389
31404620
31389781
31378117
31369500
31368885
31308088
31302575
31280295
31201356
31170287
31075181
31025393
31429278
31554845
31447126
31378370
31599865
31537568
31270125
31637068
31531401
31233130
31514307
31506105
31506432
31505636
31505635
31505634
31505633
31505630
31505629
31505627
31505626
31505624
31505623
31505622
31565032
28185742
31530350
31502909
31437650
31328999
31315953
31283028
31261367
31261188
31255879
31205057
31196772
31107422
30994440
30987951
30974120
30811949
30809961
30776766
30753907
30685331
31257127
31453804
31250514
31375437
31331773
31301409
31437226
31023855
31419230
31415656
31160176
31485283
31327652
31384748
31034569
31456951
31352743
31517260
31464913
31369129
31345005
31339284
31215858
31180594
31110359
31109949
31109946
31085711
31085462
31050613
30986361
30967346
30954447
30910492
30875247
30503566
29325483
31417543
31366707
31279563
28755833
31346025
31344807
31320413
31316109
31379777
31311598
31016966
31164306
29880242
31304176
31333609
31333719
31290391
31193119
31163961
31162021
31109172
31100360
31068412
31049578
30955122
30916795
30879978
30878506
30852050
30791143
30758857
30649895
29579288
31460130
31242869
31226950
31226944
31153688
31122856
31122854
30936373
30562053
31196170
31189108
31185983
31182038
31410333
31171614
31170986
31239655
31205243
31205019
31116180
31097277
31097264
31092026
31073957
31006971
30963520
30946954
30944197
30936154
30929031
30899835
30861428
30793341
30724001
31076160
31135969
31223008
31122289
31139364
31113421
31112260
31029515
31169800
31110098
31027929
30880154
31157175
31156531
31190909
31077143
31067752
31064827
31192259
31053725
31069118
31045566
31027633
31027620
30985547
30975570
30858215
30826292
30739335
30682574
30637585
30489345
30484742
30482699
31019272
30184183
30833337
31006771
30799223
31119172
30346707
31139460
31013936
30955282
30974759
31050267
30957137
30956698
30938299
30882742
30796713
30788730
30742990
30727714
30703661
30682526
30670415
30624539
30600695
30098846
30934610
30909880
30936871
31453259
30878989
30872664
30772069
30881168
30858189
30845638
30944683
30994164
30915434
30901044
30850066
30850065
30849039
30832900
30784634
30617092
30609299
30600131
30566236
30550945
30424950
30413354
30408001
30399417
30279114
30053529
29957731
30818339
30578387
30814584
30815467
30795575
30787368
30772864
30645947
30678850
30801022
30759848
30735539
30744293
30744290
30740462
30853830
30782276
30755293
30707730
30666844
30656202
30638762
30578888
30565684
30534378
30527973
30477047
30455196
30420263
30284125
30281547
30249513
29777925
29655917
28988664
28248840
30708945
30719234
30677037
30774328
30455346
30146561
30634919
30643897
30620748
30687084
30671281
30616637
30497832
30478004
30054160
30355759
32237691
32226660
32140050
31749410
31742955
31342808
31216216
30958343
30945967
30917254
30879381
30690443
30627047
30605912
30444673
30431387
30391557
30373807
30352001
30295754
30292448
30285291
30265765
30252603
30230953
30224331
30118633
30103310
30103308
29581053
30315109
30603377
30619797
30619274
30619272
30538189
30864769
30593745
30555847
30509391
30509390
30507391
30463732
30315990
30249749
30234676
30203855
30191513
30191424
30187651
30170126
30094698
29926438
30497244
30044760
30470228
30466407
30462659
30515161
30309300
30439873
30564392
30424821
30413022
31193660
30455693
30396360
30410757
30389954
31033407
30515253
30443621
30431343
30402160
30401457
30382022
30243584
30208475
30207030
30145620
30097415
29959904
29754466
29746872
29742648
29672858
29462107
29447989
28342711
30464548
30392296
30505857
30373523
30292458
30269915
30266484
30178647
30335799
29983272
30332468
30394376
29741601
30282975
30920388
30746663
30325317
30285091
30273239
30222697
30182916
30136923
30054229
30049648
30045868
29989532
29948465
29768730
29453018
29617959
30259827
30254117
29485971
30288067
30228240
30145101
30145098
30139653
30271135
29547002
30217168
30254474
30209128
30271410
30122645
30087049
30194323
30104114
30087048
29944882
30255980
30207515
30185083
30080135
30061194
30055742
30055735
30043078
30033505
30019769
29987153
29987137
29961165
29959609
29941641
29908309
29807684
29688138
29587475
30233584
29509834
30214251
30155747
28676382
30134854
30125338
30124173
30115033
30114278
30111301
30110339
30103691
30091147
30096783
30081902
30075013
30214088
29970200
29937059
29923825
29793827
29784853
29762363
29760213
29756174
29668078
29535258
29512393
29471470
29428985
30197697
30065093
30574254
30055608
30140666
30053847
29987031
30033997
30533802
30030315
29907485
29602676
30061873
29986481
30581886
30505057
30174887
30156509
30094093
30038091
30033412
29995754
29944052
29916350
29903376
29903364
29889812
29752131
29752130
29720429
29656425
29634626
29620722
29568908
29534849
29522999
29518366
29466931
29424065
29373266
29200182
29158121
30057855
29950304
29784470
29998194
30455793
29933560
29324986
29522908
29898770
29889859
29884695
29983836
29630438
29865239
30083617
29953020
29947185
29945321
29920121
29865181
29863956
29724746
29681203
29656888
29633160
29611493
29610253
29610202
29525851
29474258
29449345
29410368
29378791
29357265
29230970
29101284
28921456
28870466
28779997
29855260
29852003
29709448
29848315
29844111
29795077
29913468
29784985
29784027
29861841
29685594
29768458
29746527
29746496
29746448
29543582
29337653
29606518
29720703
29177407
30027989
29716969
29653865
29595417
29575797
29573974
29547971
29533728
29432383
29395713
29284141
29162413
29120096
28776246
28757297
29698518
29955021
29580640
29713143
29555783
29649269
29390149
29657714
29675400
29621281
29555745
29300680
29614568
29798080
29659885
29659884
29659883
29659882
29659881
29624493
29531022
29421524
29408669
29405664
29378719
29378166
29315536
29289561
29288818
29278616
29191962
29189672
29140938
28858039
28478921
28464987
27187042
29488537
29599819
29594175
29478754
29121208
29549211
29459064
29459062
29725272
29293990
29594087
29538497
29507021
29345957
32226119
29588912
29501241
29493324
29460728
29456197
29415569
29408674
29402475
29233576
29227464
29148920
29138021
28544140
28539074
29395516
29216588
28158460
29447284
29447223
29467579
29479520
29425124
29473023
29336924
29675174
29272107
29349940
29922416
29318516
29290527
29285648
29280432
29266448
29237781
29180527
29176349
29149266
29113691
29109187
28913912
28827496
28762125
28658990
28583022
29377793
29277353
29374466
29368591
29410954
29360880
29318796
29352811
29375536
29223483
29342994
29115905
29049002
35005455
30799994
30084702
29945350
29944440
29932038
29787323
29735829
29540644
29395563
29380707
29297428
29296080
29241769
29232664
29232352
29108883
28951981
28918379
28889986
28871608
28870657
28668258
28209321
29287070
29259083
29132992
29263651
28968876
28968674
29054729
29360088
29199418
29181961
29153912
29138085
29087280
29084837
28971877
28961896
28951105
28922566
28881886
28818575
28776163
28737627
28629795
28528362
28474295
28247289
27543381
26748734
33525776
29178851
29166936
28890509
29209602
29165270
29132302
29029127
30167035
29095807
29095907
28922613
29153416
29138549
29123985
29081265
29034852
28988865
28987442
28971707
28848006
28847849
28840658
28807913
28802586
28719500
28657970
28619239
28393532
28189514
28951087
28887305
29038519
29071076
29028802
29188070
29188068
29023596
28882439
28768669
29046666
28700264
29204435
29460860
29192628
29043423
29043417
28884664
28856764
28807759
28799855
28747372
28737468
28714250
28516200
28472007
28432209
28429151
28351556
28230273
29062709
29021946
28866290
28935730
28805060
28768724
28903749
28801155
28797727
28890441
28890436
31085828
28774562
28870173
31767757
31874656
29207725
28899468
28867843
28859703
28844278
28784702
28768853
28757646
28741105
31668192
30825698
28674033
28669567
28637909
28585510
28583371
28556943
31819417
28218002
27656134
27150112
28855159
28837564
28852326
