28829833
31700653
28847061
28747525
28696280
28824879
28807095
28737877
28730517
28551703
28410825
28334924
28192236
27480159
31857979
28700282
28790814
28346430
28696824
28769901
28379361
28708872
28749333
28624307
28700751
28694306
28735080
28340322
28956803
28929964
28838188
28776526
28696231
28628438
28600447
28429163
28931240
28498097
28497596
28668567
28472614
28466356
28456490
28431934
28427992
28426992
28412081
28411005
28404679
28236369
28213046
28110050
28088924
27872201
28662145
28666758
28725560
28583305
28702311
28690590
28744482
28674683
28626902
28630241
28621647
28536030
28536027
28660129
28617678
28575367
28575353
28600561
28599639
28592578
28487056
28404574
28676716
28368738
28301267
28991319
28621044
28604066
28562253
28699879
28571504
28483256
28513815
28449098
28431124
28429115
28425818
28420677
28407074
28407066
28369218
28342745
28330893
28301990
28260537
28259058
28231019
28085501
28067718
28030524
27789669
28620585
28476628
28542534
28536249
28483717
28526665
28449972
29770071
29770070
28580101
28513418
28721014
28439602
28403055
28676846
28379785
28379053
28358967
28342288
28283475
28279655
28277801
28381402
28235386
28223386
28137937
28112741
27712847
27422142
27262693
26148910
28450511
28492126
28441440
28343777
28413870
28357859
28151410
28262330
28279802
29384621
29177376
28397477
28372533
28343529
28282645
28256375
28243718
28504487
28237252
28232014
28483250
28579769
28113047
28072501
27854516
28444395
28360180
28356374
34858522
28097690
28346512
28346504
28188786
28336588
28357413
28327637
28403050
28344783
28303845
28539852
28298400
28298381
28298206
28148731
28222999
28279319
28262704
28702307
27768515
27736293
27541270
28252201
29641884
29382496
29120150
28450902
28353452
28353449
28290979
28288714
28280296
28225904
28220749
28088130
28064237
28031199
28025081
28024738
27999037
27918383
27870809
27852000
27822652
27815777
27756713
27659315
28235065
28169531
28241513
28228112
28251179
30993246
28261574
28182657
28178298
28176849
28170403
28166256
28234091
28209678
28179078
28178138
28177321
28146590
28097847
28039378
28035545
27996332
28258107
27919900
28242259
28223069
27889249
27862309
27846058
27846055
28159338
27718310
27669685
27464260
27448447
26954689
28129777
28134792
28125588
28104664
28124027
28094831
27777252
27889711
27657849
28088246
28081260
28077083
27989625
27939054
28058825
28056984
27657812
28115875
28045978
28117818
27669156
27629913
29446732
29286530
29017702
28981235
28935107
28828973
28707578
28616365
28546822
28546690
28487811
28484501
28467237
28386286
28380097
28352482
28178716
28171878
28079828
28065266
28028010
27956464
27983486
27960239
27920983
27895174
27886635
27776576
27774610
27677281
27569107
27543805
27143304
26853320
28036315
28009001
28008952
28002709
27803167
27672196
27959904
28029540
27933801
27919896
28194210
27960208
27932015
27931682
27930540
27909995
27907156
27895020
27756711
27752148
27730643
27707939
27697516
27695001
27650380
27578236
27573216
27559120
27335217
27903558
27986898
27898728
28330238
28155742
27921012
27855146
27115408
27933034
27917346
27902411
27832151
27821835
27692770
27581439
27581437
27808261
27763775
28466611
28124644
27994923
27812281
27753766
27729132
27660200
27653771
27624822
27573069
27540112
27508518
27417291
27405603
27400908
27329337
27163175
27135599
27902758
27049043
26969247
27639362
25764275
28348786
27788254
27782846
27776489
27799762
27764083
27756235
28292047
27639280
27713529
27711036
27459265
27842538
27942362
27742033
27723401
27583587
27494903
27473508
27461798
27460528
27805043
27430270
27394401
27118243
27107293
26946303
26426681
27741941
27733852
27680884
30226944
27669564
29871121
27629487
27527818
27527817
27522178
27595992
27587643
27532154
27458220
27510380
27497403
27497390
27497379
27457919
27413187
27404367
27292570
27377430
27044626
27335149
27335148
27300255
27288538
27273691
27269963
27225239
27182898
27171854
27135964
27125273
27265451
27677845
27530834
27401563
28702292
27353268
27330052
27721753
27567659
27502599
27562460
27486669
27484123
27215704
30226954
30152945
28164610
27493063
27401970
27377440
27368460
27538525
27322346
27319375
27306117
27287408
27282403
27307602
26857242
26718621
27473951
27373595
27317455
27524890
27349840
27317452
27448413
27288217
27265454
27288776
27080955
27055019
27780190
27391898
27388678
27145999
31463182
27536026
27496511
27333043
27296817
27296814
27260611
27256956
27486835
27113355
27097348
27086363
27058117
27002252
26894630
26842501
27142328
27379024
27334074
26908751
26742001
26658669
27342872
27160040
27133877
27246774
27176788
27271676
27259950
27145845
27630761
27536353
27626097
27139476
27129225
27419007
27287766
27273824
27238163
27225259
27198841
27117547
27111143
27083436
27436474
27013259
27009822
27001538
27000867
26954601
26916343
27436470
26474373
26368823
25252727
27249530
27230066
27113162
27104764
27223887
27330964
27188378
26704617
27167067
28357362
27242968
26890256
27540453
27437218
27099328
27070064
27436464
27240503
27044551
26683319
27048586
27048585
27048580
27048584
27048583
27048582
26971180
26953329
27048581
26940505
26923083
26920587
26910587
26873379
26856310
26821825
27048579
26781464
26203702
27048578
27124887
27055020
27131006
27124727
27120170
26988256
27101006
27097024
27080523
26996458
27073092
29770008
27227227
27141269
27072053
27036355
26968077
26938663
26920399
26845624
26747825
26662379
26563552
26264631
27028647
26920472
26977929
26953210
26843331
26960345
26960253
26953891
26337197
26967704
26936472
26934372
27476590
27029685
27004204
26853149
26853148
26768582
26718097
26711468
26647445
26636654
26585432
26569188
26537814
26492486
26220500
25675170
26915577
26881484
26872131
26861621
26859300
26847639
26742947
26831895
27290830
26808724
26200173
26897143
26875462
26867834
26844500
26829233
26748972
26678822
26678160
26677200
26658270
26613689
26585428
27148489
26547832
26546328
26503452
26499095
26370552
26260391
26205976
26203598
26159149
26139207
25631889
24992472
26806181
26830989
26707214
26667610
26785260
26860929
26765260
26719415
27290828
26729761
27290827
30299032
28216484
27563310
27553239
27421128
27374690
27366171
27235165
26574008
27095942
27086830
26933458
26922984
26904695
26901034
26885538
26853802
26848612
26153407
26781412
26746604
26741872
26728065
26688539
26619353
26611891
26577141
26553466
26550963
26521136
26512048
26751436
26729499
26472767
26454058
26426265
26412580
26398743
26367344
26365560
26362945
26308112
26068526
26003901
26714647
26676578
26703094
26792053
26702036
26453974
26686508
27047618
26669856
26501484
26538390
26658902
26662406
26644436
26642881
31641582
31641578
31641576
26841145
26627652
26548914
26543438
26528392
26524622
26482300
26481153
26477641
26700635
26667651
26407254
26394107
26385154
26381521
26378279
26374816
26372451
26502312
26341913
26337116
26454530
26315210
26271191
26262821
26416856
26033043
25995193
26615171
26263200
25045809
26607889
26589787
26578681
26440924
26569613
26553689
26463129
26219694
26171604
26572616
26567015
26545860
26342690
26594204
26870801
26744583
26607229
26595736
26540709
26512766
26475462
26449949
26421681
26399701
26609503
26357930
26363637
26298195
26284652
26354441
26517483
26521138
26481748
26482232
26543526
26232540
26434686
28324524
27164735
26982292
26795226
26758117
26752902
26354813
26437754
26433695
26426079
26407156
26363622
26742285
26349628
26321007
26296776
26321008
26227328
26239980
26195518
26179342
26172851
26166209
26187432
26149186
26123935
26082140
25762194
26424818
26404588
26400771
26393933
26390432
26371731
26209273
26362566
26361369
26212006
26151544
26369551
26292194
26338462
29421528
26749955
26722830
26661911
26600811
26517654
26375536
26300083
26228497
26202987
26194164
26183006
26141864
26109443
26096900
26059041
25976175
26166208
25964173
25821174
25779346
26464772
26313470
26311542
26190092
26162850
26044493
26307167
26379661
26286573
26150660
26283604
26277095
26039632
25945594
25712964
26186504
26183229
26717659
26216331
26209405
26207607
26130619
26077592
26061190
26018536
26018535
25970856
25995336
25980353
25971424
25961891
25957512
25922207
25902287
26014938
25894988
25864638
25845628
25677249
26215614
29062995
26150634
26309730
26867396
26867395
26554227
26313274
26240791
26014114
25896520
26004175
25937246
25926500
25923426
25976004
25910716
25903577
25900178
25722108
26115379
26107387
26020841
25918135
26086647
26083474
25987539
25941259
25784720
26066058
26089657
26059051
26039250
28324295
26668700
26349117
26310329
26310328
26108322
26057664
26034164
25973941
25973940
25962101
25917807
25917803
25908483
25908482
25900771
26093673
25794502
25770456
25748553
25712791
25817352
25700892
25680455
25562448
25446794
25443773
25338285
25282454
25200914
24184002
26594615
26074910
25910923
25907408
24962750
25708671
25824633
25769209
25765966
26005341
26470444
26259279
25995221
25919728
25879650
25869378
25868032
25837816
25787137
25777673
25772909
25772704
25753676
25950686
25746630
25712355
25708896
