34342770
34328237
34309057
34289518
34255308
34125649
34124998
34120851
34107551
33904371
33840604
33741798
33729081
33665520
33646085
33635965
33475867
33417196
32644013
32363939
34946076
34888378
34874672
34940566
34908805
34959833
34755852
34900999
34900406
34836944
34784196
34730176
34976500
34885728
34884530
34823481
34053980
34964772
34868690
34868307
34819160
34818349
34783242
34160574
34881266
34809574
34797316
34869495
34867785
34797779
34869678
34224289
32967492
34877320
34829099
34784961
34543122
34787203
34782007
34186101
33850058
34876791
34835476
34825158
34774023
34869328
34869061
34867436
34829909
34804452
34859013
34816014
34785922
34758726
34323773
34143880
34778662
34790241
34748370
34909304
34887630
34770192
34900489
34877290
34877278
34742300
34925676
34245238
34218084
34804037
34804013
34735634
34771687
34771067
34731345
34665609
35039255
35018030
35005595
34976776
34851775
34846284
34837912
34811676
34790655
34760355
34732423
34725444
34699099
34699095
34689518
34670018
34657941
34642127
34630701
34624593
34619341
34613630
34597956
34590436
34587312
34547168
34535035
34533144
34528716
34522719
34518878
34453456
34449934
34432654
34431405
34417567
34411037
34398472
34390726
34363898
34358488
34345956
34328849
34293298
34273006
34241719
34198362
34152518
34137145
34089623
34076786
33977647
33975868
33865991
33369947
33248174
33136782
33074949
31729260
35096323
34642287
34713858
35003353
34778074
34708661
34181961
34769015
34706958
34706729
34585958
34768994
34702194
34759818
34729122
34674734
34672714
34812318
34670526
34670510
34685352
34733252
34682893
34733412
34765309
34754406
34721777
34721765
34721043
34415729
34370509
34722238
34681500
34796052
34683966
34680822
34645495
34707599
34126195
34660799
34646357
34641620
34712033
34712028
34660216
34754688
34675558
34632221
34608884
34580228
32569354
34397057
36644666
36606020
36606016
34965047
34965043
34942011
34909852
34882369
34787091
34763505
34713612
34709290
34708338
34686094
34659662
34655183
34645670
34622010
34622008
34615380
34607441
34606307
34562116
34550168
34504592
34468852
34454714
34454316
34450200
34447476
34437710
34435402
34426869
34400015
34400013
34398448
34390083
34382347
34382297
34382277
34379357
34376808
34363896
34352253
34334711
34333819
34333811
34331360
34330666
34329997
34325209
34318971
34318966
34310252
34296396
34284050
34278663
34268831
34258827
34247436
34240505
34232539
34231948
34231938
34218503
34197673
34172322
34142414
34117917
34117680
34114673
34101130
34043063
34034592
34028111
34016876
34016875
33990867
33913072
33837118
33785282
33635117
33116065
32366948
32041937
34683138
34660627
34593031
34290152
34579657
34683354
34640370
34559138
34559067
34514104
34698140
34556055
34683324
34548086
34478272
34589240
34579162
34576300
34572132
34576198
34901696
34630892
34604249
34604113
34578235
34310886
34650687
34571792
34216625
33990950
32616679
34629800
34521966
34169626
34660117
34579049
34589088
34574466
34568373
34499649
34588753
34499817
34492072
34489448
34488885
34328245
34572653
34589286
34708173
34473713
35221613
35116718
35099123
35083009
34730306
34686502
34672273
34622595
34616112
34616110
34616109
34616108
34609303
34589401
34586707
34582676
34581089
34572643
34572640
34531132
34526429
34523899
34521593
34496478
34475925
34475737
34475661
34472649
34471528
34466117
34429194
34427890
34425651
34391514
34369255
34364886
34363352
34347116
34337832
34324998
34309333
34303920
34277955
34267306
34251747
34251513
34250669
34240239
34224899
34193964
34164854
34157554
34157412
34146643
34139279
34121254
34119688
34119456
34102519
34089440
34087425
34075550
34053176
34052417
34048781
34002081
33961152
33908087
33899666
33851342
33824091
33811385
33795214
33740160
33691344
33664460
33598776
33462938
33400210
33351269
33334580
33153250
32989550
32956226
32447554
31838920
31698954
34817329
34703151
34646668
34516420
34502367
34484423
34340539
34504383
34578132
34449790
34578122
34540962
34513677
34513668
34573879
34571840
34572610
34564597
34504781
34466005
34445772
34439396
34425826
34424925
34297096
34497448
34497441
34419066
34443650
34438604
34483897
34441946
34407768
34484153
34469923
34436224
34451497
34447846
34447815
34443540
34442827
34439541
34397042
36286896
36286886
34457189
34048813
34390328
34422052
34406311
34388321
34548958
34476221
34458311
34458288
34441392
34385560
32994310
34594176
34458154
34439015
34379686
34379655
34447771
34422710
34370686
34441769
34397807
34441009
34439088
34408729
34360466
34341428
34341400
34333926
34126630
34532089
34470087
34414773
34410200
34402809
34402807
34398717
34397029
34392645
34386566
34386233
34383414
34365294
34355376
34353822
34349858
34331813
34331794
34296548
34291601
34244666
34219211
34216493
34139141
34132360
34117671
34117655
34101296
34061339
34056994
34046995
34038586
34031944
34022362
34018155
34002433
33989960
33977610
33938607
33928707
33914992
33908121
33904635
33900421
33899288
33884706
33860967
33839101
33765332
33725462
33656793
33646449
33609333
33403702
33353764
33256419
33034230
32934104
32840705
34332529
34210902
34441303
34442690
34366619
34386426
34360770
34359685
34345177
34444706
34311706
34362057
34621332
34362042
34289573
34058470
34360614
34441240
34290324
34290242
34197592
34357014
34354964
34322369
34284564
34372605
34355101
34335549
34322198
34322195
34266494
34265853
34261816
33376228
33245103
33071238
34336295
34335519
34359334
34357957
34356646
34275239
34356766
34358024
34243821
34337048
34298992
34244191
34242281
34232200
34232174
34139017
34307412
34307259
34305857
34300211
34321854
34262325
33636204
34367816
34359441
34307576
34224014
34357939
34290607
34357021
34281258
34218802
34216301
34405636
34363079
34356052
34215607
34190151
36606221
36606218
36606216
34978558
34932742
34904002
34705970
34694412
34621372
34611074
34488321
34475726
34464320
34422399
34420402
34376919
34353079
34319054
34315196
34276188
34263071
34259193
34257882
34244244
34230126
34229278
34223725
34221265
34216475
34196308
34187917
34185742
34158260
34150214
34114158
34108618
34098462
34092054
34091865
34091154
34055065
34053637
34053636
34053633
34053632
34053631
34029655
34027561
34013401
34009534
33991884
33989072
33986828
33964417
33938521
33901764
33893508
33892126
33813354
33798524
33753309
33744306
33723799
33653970
33648778
33642241
33638751
33602640
33590389
33583603
33536363
33424149
33411059
33341955
33321562
33242939
33233910
33201570
33085931
34306068
34258250
34211344
34000467
33878358
33692288
34306090
34267605
34209478
34188075
34185178
34275925
34262609
34249489
34239272
34203570
34183046
33631868
34345204
34183279
34141872
34322345
34201748
34201588
34201542
34201428
34158469
34188548
34161258
34077175
34616253
34205762
34153049
34202993
34211711
34207192
34174054
34220822
34220702
34221084
34096709
34049736
34322286
34203927
34203889
34203649
34203639
34130751
34306861
34198677
34168415
34163206
34118962
34118868
34208004
34195260
34207870
34178444
33989515
34201137
34101061
34200454
34090492
34199843
34091519
34088343
33845309
34205064
34199386
34149664
34149641
35694151
35116613
34873065
34630957
34540175
34295557
34234976
34180600
34156450
34155976
34135145
34128346
34124385
34124378
34113748
34079868
34078726
34024441
34024329
33956403
33915074
33881721
33872638
33868477
33850539
33847026
33843101
33843096
33840725
33818871
33818862
33779026
33771880
33770413
33765344
33761050
33744226
33740276
33738544
33720493
33687537
33682972
33676857
33675089
33666321
33656211
33650225
33633080
33611728
33600067
33596345
33590461
33576040
33565305
33554339
33545396
33471380
33417136
33405191
33393335
33361347
33352297
33248076
33217029
33207018
33206342
33199102
33037845
32908034
32891538
32882153
32794109
32770672
32639419
32583363
32556753
32529394
32504357
31662122
34136392
34059110
34070823
34051825
34136433
34032763
34032746
34073499
34073352
34052055
34046459
33544466
34070700
34031459
34071118
34168929
34067300
34104107
34011117
33939419
33893809
34093525
34093508
34122540
34008759
34008757
33822417
33782154
34046150
32321202
34106668
34025076
33471519
34068062
33986079
33891818
34131538
34065788
34012274
34046430
34012273
33975938
34123641
34026832
33950955
33720736
34113506
33956895
33945559
34063624
35017130
34602446
34104164
34062919
34062878
34062712
34048197
34025022
34018978
34013058
34000761
33992573
33968589
33912350
33873053
33847132
33825941
33793080
33777225
33766633
33760349
33756269
33730969
33720093
33714864
33649044
33647279
33636167
33620602
33582147
33577874
33534221
33511732
33486669
33444571
33389260
33386663
33339748
33244981
33244649
33232592
33205689
33201352
33152125
33028667
32932407
32918832
32833699
32767790
32535778
32495255
32424625
34158737
34094742
33995095
33932009
33907169
33927319
33925029
33924897
33913058
33746187
34055537
33981631
33896437
33741339
33986796
33935515
33749737
34268240
33907452
33879265
33879080
33879055
33853940
33825433
33692136
33536295
33921696
33875700
33865425
33889000
33878048
