23609053
23629919
23630959
23642394
23661595
23672575
23673508
23682077
23709415
23710935
23768702
23772902
23772903
23795659
23806156
23816725
23816726
23818335
23821004
23841631
23859203
23862170
23874072
23875095
23875114
23877472
23898379
23898384
23903685
23904920
23932770
23933904
23935715
23954956
23960340
23966603
23982105
23996871
23997913
24028814
24044203
24067461
24122679
24199553
24224432
24250634
24257311
24322186
24829687
24834261
24975315
25226740
25226753
24077811
23861946
23833139
23843420
24169277
23874957
23852160
23864779
23864790
23319424
23570997
23681474
23743566
23865636
23860397
23904842
23866830
23885147
23885149
23894567
23880245
23935838
22890316
23885663
23935899
23935905
23922844
23901235
23901237
23895283
23899880
23899160
23936173
23936177
24133391
23904414
22735568
23350664
23356886
23356909
23384480
23406272
23418857
23433200
23489645
23508985
23521610
23558136
23560993
23572292
23576572
23592020
23621867
23649375
23661025
23664095
23712625
23716616
23746337
23752823
23771780
23786250
23794457
23796212
23797909
23865590
23880626
23897462
23898095
23898995
23923214
23926143
23936493
23948399
23963085
23967659
23967660
23967661
23967662
23967663
23967664
23967665
23967666
23967667
23967668
23967669
23967670
23967671
23967672
23967673
23967674
23967675
23967676
23967677
23967678
23967679
23967680
23967681
23967682
23967683
23967684
23967685
23985003
23990295
24005452
24008612
24041043
24051039
24171281
24206555
24260811
24260829
24917965
24917966
26181729
26181731
23917169
23940723
23940786
23967417
23986884
23926315
23841482
23924894
23951006
23930716
23946608
23643621
23946886
23947684
23880243
23957912
23898187
23970881
23964142
24006589
23972125
24009751
23981944
24833057
23983441
23989604
24015282
23990632
24009686
24009701
23541029
23644159
24046521
24229376
21604199
22020085
22773549
22951079
23168228
23246321
23273496
23299619
23303440
23315289
23360574
23363381
23369058
23404362
23546650
23561799
23577833
23579617
23611633
23613102
23632919
23633292
23633293
23666762
23695545
23744497
23754784
23758061
23774773
23787767
23790154
23800434
23806630
23822578
23830535
23845559
23846337
23846438
23852874
23873784
23878345
23879740
23887584
23942292
23958254
23974061
23986381
23989151
23991733
23997925
23998446
24005244
24008643
24009446
24011237
24011238
24011239
24011240
24011241
24011242
24011244
24011245
24011246
24011247
24011248
24022628
24023294
24035944
24043007
24045594
24045601
24073306
24073312
24073313
24078981
24088801
24088806
24130381
24143321
24167136
24206741
24224450
24274440
24274441
24274445
24303684
24314288
24340919
24341204
24475322
24616782
25207124
25337555
25509873
24002286
24002287
24023815
24009126
24010946
24039925
24040220
25664331
24039906
24023494
24023501
24010891
24040297
24040100
24028687
24030146
24030263
23900838
24058595
24039362
24039363
24039365
23463379
23850814
24042099
24042100
24044047
24069310
24069393
24050390
24050512
24051312
24051318
24069371
23669186
23719625
24062262
24179567
24072860
24086571
24101859
24106405
24106407
24106412
24081591
24892619
22767422
22833394
22914298
22917659
23292007
23307042
23528480
23544831
23551894
23551920
23551953
23566268
23574384
23581720
23600974
23601026
23606331
23607896
23701705
23714108
23715627
23715666
23751838
23756937
23765259
23769952
23778309
23792062
23796455
23801607
23811939
23817928
23818043
23831182
23831768
23836820
23839160
23843038
23847060
23857477
23876802
23893109
23897614
23907334
23918779
23924686
23937242
23948230
23957383
23974021
23978592
23981066
23981105
23987129
23988411
23997227
24012633
24022341
24074309
24074310
24075755
24078657
24106732
24115911
24123036
24124704
24155636
24160951
24164881
24173641
24218669
24228082
24228083
24294467
24304354
24340886
24340887
24380008
24475457
24488283
24522351
24522352
24578822
24578823
24604948
24627924
24652210
24800016
24912907
25046887
26664852
27785250
24099525
24099599
24116104
26157810
24133493
24930316
24119614
25437333
23830924
24133496
24143223
24162631
24151385
24151394
24101497
24251042
24300630
24159918
23920123
24169409
24187467
24104965
25937956
24176798
24177697
23994110
22936674
23015042
23224499
23276902
23312494
23442842
23488471
23492955
23567104
23580173
23583466
23595635
23613348
23613381
23736225
23746879
23760206
23760782
23768443
23777268
23782461
23783010
23796136
23798484
23808840
23811829
23815437
23817216
23820245
23831721
23837680
23844976
23851317
23859890
23860501
23863261
23929035
23929066
23931897
23932995
23962822
23988829
23989798
23989802
23999014
24004834
24006009
24006137
24007538
24007857
24010568
24011662
24011768
24026575
24040632
24045925
24070784
24074834
24079881
24097901
24099474
24099765
24100725
24100726
24100727
24100729
24102783
24112477
24117692
24122558
24128875
24141174
24142637
24146329
24156875
24158898
24169385
24192362
24205490
24206402
24223737
24223932
24253617
24254556
24262591
24262863
24275060
24277413
24280762
24280768
24287273
24312704
24312705
24312710
24340259
24388244
24392534
24394011
24396972
24413205
24447561
24506386
24611303
24719957
24076404
23911582
24222944
24244742
29294470
24244604
24215903
24219705
24236136
24358067
24233587
24259966
24259974
24259981
23954255
23989011
24072713
24231147
24516421
24245965
25353091
24312901
24256489
24278398
24035909
24055641
24070833
24778752
24521886
24521887
24521888
24521889
22762132
23375733
23420575
23523153
23625165
23714140
23725608
23736829
23747131
23773231
23793256
23796974
23800161
23800237
23830279
23859622
23865468
23865485
23869400
23870035
23876852
23920152
23929249
23957752
23959374
23963991
23972614
23978397
23995914
24002418
24011287
24011460
24036181
24037736
24052422
24056106
24056453
24060809
24060900
24063529
24071014
24075629
24082073
24089457
24090976
24094837
24097943
24097951
24100704
24101366
24103649
24113399
24117797
24118110
24129941
24136787
24136815
24143873
24145921
24163419
24182612
24184568
24229634
24286420
24296347
24329143
24332207
24340311
24340314
24374947
24397100
24409492
24409502
24409504
24423677
24426141
24433647
24454004
24511419
24523796
24536094
24569306
24592540
24592555
24626555
24640875
24645615
24711758
24940325
25337564
25568507
25848511
26182128
27785255
27785257
24312443
24305035
24219829
24358044
24363506
24363507
24363508
24363509
24363510
24363511
24363512
24349327
24349355
24367767
24321518
24340004
24338763
24251984
24349255
24379597
24124196
24258785
24358262
24358297
24367513
24356847
24359515
24379623
24369830
24386154
24409067
24391754
24403840
24416723
23495968
23628087
23651954
23659788
23702028
23755130
23755726
23782142
23786387
23795906
23797606
23812323
23821543
23824692
23879556
23899494
23921679
23989107
23990317
23992322
24029174
24033876
24065079
24076409
24096735
24104691
24107396
24112592
24114476
24118910
24122711
24139666
24149677
24153248
24162382
24164483
24164959
24166959
24170115
24176049
24176194
24178676
24180402
24180403
24180406
24180408
24180409
24187089
24191302
24200709
24205803
24220802
24232982
24234587
24240631
24247357
24256044
24261674
24277160
24280804
24280805
24293633
24295404
24301796
24338777
24343545
24348841
24354980
24365458
24381643
24389227
24392924
24393755
24410470
24412493
24419390
24429445
24431913
24434382
24437400
24451968
24463137
24466451
24492041
24520221
24528029
24533361
24550981
24558304
24570879
24579848
24583422
24587595
24606427
24606485
24616553
24628363
24633026
24633319
24641370
24649079
24653559
24659661
24666234
24669326
24672729
24672734
24672792
24678600
24688534
24693570
24693575
24694478
24696690
24696817
24705832
24707402
24707411
24709173
24711846
24714507
24714519
24714739
24719523
24720149
24721953
24721956
24721957
24732183
24732185
24732188
24732189
24732190
24732191
24732192
24732193
24732194
24732195
24732196
24732197
24732377
24739825
24741635
24758240
24761915
24762588
24772167
24772504
24778642
24779078
24783214
24790772
24797597
24800203
24815441
24819494
24827501
24862673
24864246
24868299
24895807
24895826
24901007
24901724
24901856
24918491
24927236
24930665
24935598
24941671
24949419
24959032
24959176
24963483
24969867
24969869
24970974
24974680
24974838
24976082
24985588
24987192
24990776
24992605
24995271
24998336
24998645
25001211
25028655
25033663
25033664
25036956
25040982
25054141
25060199
25065045
25081668
25081730
25096714
25101293
25105162
25113721
25120932
25141579
25147656
25159698
25161665
25169557
25169671
25177695
25180384
25184143
25184146
25196096
25210229
25214825
25224188
25227854
25243116
25243160
25269182
25269191
25292040
25292060
25306745
25306759
25309933
25330805
25330819
25331513
25339020
25341997
25342566
25374213
25374223
25374243
25374247
25396008
25402582
25405220
25409077
25422197
25436099
25447647
25447982
25483330
25483699
25509565
25518453
25518455
25518484
25518495
25520126
25520127
25531953
25539552
25547786
25548772
25552160
25556497
25558572
25558660
25562997
25562999
25574164
25597356
25598957
25605140
25605164
25605196
25605208
25667764
25703444
25782304
