25782313
25796832
25796846
25796863
25796870
25796949
25816643
25842656
25891243
25911941
25916130
25916135
25946850
26058111
26058116
26867268
26904732
26962545
24401722
24416297
24427111
24523637
24592369
24405746
24389321
24454714
24215034
24574896
24438389
24448220
24465575
24479108
24190067
24447430
24449753
24465624
24574735
24574736
24574737
24574738
24574739
24574740
24574741
24574742
24574743
24574744
24574745
24574746
24466297
24624731
25018792
24456629
24459275
24460813
24615072
24627856
24475075
24475294
24627871
24474772
24474782
24474799
24574779
24498084
23899588
23009198
23129507
23348231
23459164
23551754
23632355
23665990
23744180
23751282
23954649
23988686
24014049
24020886
24030523
24033865
24036137
24060521
24065198
24097137
24102940
24114963
24117845
24118166
24121150
24126798
24151905
24165012
24165046
24188043
24205801
24210828
24215601
24218334
24238722
24245792
24267494
24269697
24279703
24279774
24285819
24285841
24285842
24296668
24302578
24318984
24323343
24327722
24330328
24333758
24366453
24375227
24396486
24413929
24462401
24531494
24561694
24572448
24577770
24589592
24624612
24653928
24665577
24678329
24701882
24701883
24701884
24701886
24701887
24701888
24707549
24918125
25069234
25079188
25147667
25954485
25954486
27785264
24342782
24383882
24495976
24499444
24434145
24462875
24516674
24688841
24374236
24521160
24522171
24338018
24389922
24587617
24587618
24587619
24587620
24587621
24587622
24587623
24587624
24587625
24587626
24587627
24587628
23904115
24105756
24332757
24507308
24535066
24891974
24552154
24553293
24701355
24587646
24587649
24558967
24565107
24568122
24382553
24761044
24395566
24491543
24576354
23591766
23729675
23731457
23820617
23864246
24002127
24030569
24043694
24065381
24122836
24155112
24158738
24189541
24202649
24224808
24233772
24268371
24268760
24270226
24282059
24284990
24292245
24299055
24304041
24322295
24327126
24329006
24334757
24344205
24354359
24355442
24363345
24369431
24372821
24375107
24398514
24399298
24419485
24439413
24440607
24444894
24461252
24462438
24467480
24471732
24472867
24485950
24492279
24492955
24566134
24630039
24632770
24632772
24637473
24637488
24648796
24661510
24661511
24661512
24661513
24661514
24661515
24672653
24689092
24689100
24705150
24707302
24724410
24743126
24748191
24761684
24790544
24795799
24797992
24815937
24831635
24835902
24844107
24901172
24901176
24988738
25147680
25147687
25272652
25286602
25337573
26060478
26204028
24741318
24662790
24762680
24762681
24762682
24762683
24762684
24602369
24603337
24375407
24315816
24406672
24606759
24688521
24629337
24648750
24633341
24761398
24009139
24392963
24528746
24753744
24528133
24659867
24659868
24659869
24803894
24662083
24651586
24651587
24651588
24651589
24800187
24671320
24723914
24674136
24833944
24674026
24695835
24695914
26118247
24684898
24719649
23054412
23686565
23686644
23692360
23703470
23809783
23908455
23910060
23919392
24078401
24237714
24253567
24272086
24282088
24314790
24323564
24325912
24338709
24345888
24359725
24370888
24372729
24387083
24418167
24418622
24421041
24424193
24433075
24442709
24460467
24490722
24494595
24495278
24500411
24503769
24506175
24506211
24513446
24515309
24528371
24533777
24569821
24576534
24589670
24607643
24608187
24612362
24617667
24617668
24617669
24642580
24656156
24669253
24682990
24691687
24696315
24703019
24714964
24716560
24717778
24750185
24758753
24759013
24791805
24812903
24820983
24882966
24943747
24961032
24968047
25003257
25003266
25003270
25003674
25003690
25003691
25053691
25132738
25161975
25603673
25632421
26425533
26905700
24708464
24480520
24707145
24707148
24714675
23981572
24472642
24721216
24722038
24847196
24720760
24782763
24744581
24833842
24727510
24732347
24736746
24740005
24743850
24744331
24743804
24747984
24764673
24764674
24759605
24803922
24625340
24782915
24767410
24774100
24782601
24782602
24782603
24782611
24782613
24782630
24780064
23736795
23754512
23869417
23880938
24100112
24118101
24118642
24127267
24155048
24188531
24211292
24251817
24273182
24296423
24345839
24347350
24372834
24373859
24379159
24389268
24447914
24469254
24478129
24484998
24495747
24509909
24585569
24586031
24589339
24596314
24598794
24611790
24627523
24642475
24650579
24659398
24671725
24677603
24689345
24689346
24755940
24757218
24758960
24760696
24763539
24778059
24791773
24792628
24793768
24806233
24816107
24851014
24851029
24855009
24855010
24878996
24908941
24912302
24941798
24948965
24960928
25030866
25051658
25075499
25075500
25147709
25265828
25266185
25675758
26176087
24794215
24679346
24800748
24803518
24803806
24803823
24810688
24824519
24839409
24746552
24833849
24833850
24833851
24833852
24833853
24833854
24833855
24833856
24833857
24833858
24833859
24833860
24833876
24904230
24249671
24699781
24699784
24864111
24846275
24846379
24846521
24902122
24491256
24914316
24914317
24914318
24914319
24914320
24914321
24914322
24914323
24914324
24914325
24914326
24914330
24914352
24941682
25146743
24867235
24940565
24949302
25767798
24016631
24057979
24151046
24254881
24287281
24305750
24368421
24369919
24374855
24385412
24413899
24493015
24508388
24526578
24530706
24557546
24599773
24602176
24612093
24612125
24612156
24628778
24628819
24628843
24630565
24633785
24646026
24650300
24654229
24656654
24657817
24661579
24661597
24677509
24685365
24686789
24687504
24687512
24689964
24698217
24702235
24732751
24737029
24751797
24756160
24758533
24764143
24775303
24837413
24849153
24849154
24898487
24914008
24945184
24949613
24955448
25024085
25033655
25052757
25058994
25068041
25090822
25120979
25141310
25141328
25174390
25174476
25199301
25252560
25324587
25332697
25335403
25337583
25360301
25371803
25371810
26158165
26183745
24892739
24893039
24917868
24901306
24908687
24914358
24914359
24914360
24914361
24914362
24914363
24914376
24846696
24995041
24924186
24944476
24944483
24944485
24259284
25408735
24941045
24667540
24949857
25705629
24961693
24971723
24995043
24976902
24781528
24976715
25097581
24978812
26819700
23942619
24346839
24488235
24583758
24597562
24610350
24610583
24611784
24648504
24662971
24682540
24696515
24718681
24766295
24769695
24777895
24778119
24799462
24805185
24820872
24832176
24848647
24849615
24852882
24857191
24863854
24901817
24901825
24907021
24925350
24925352
24935532
24941349
24950648
24958090
24969209
24972810
24979566
24984017
24989096
24989098
24992085
24992088
24998730
25015308
25026011
25038206
25052106
25059453
25071906
25073666
25075780
25097521
25117101
25120895
25120902
25130645
25130646
25137097
25176103
25202440
25211413
25214281
25219027
25222802
25222804
25244709
25250166
25291314
25293992
25293997
25296076
25296089
25335355
25341271
25436324
25671934
25842486
25892981
25904834
26201120
29699349
24945318
24987851
24991812
25594045
24999878
25002101
25009387
25009393
25003707
25008775
25010214
24874820
24459192
25032197
23975421
25033386
25035453
25101063
25083067
25083068
25083069
25083070
25083071
25083073
25405137
25053783
25101079
25055241
25071324
25071325
25071326
25071338
24862285
24958091
25015565
25078575
23844851
24155023
24362047
24390222
24530975
24563236
24595654
24615745
24621262
24629396
24673878
24674710
24689986
24690010
24698653
24704713
24721104
24750275
24751878
24754375
24758553
24766284
24767863
24771298
24781955
24786892
24797031
24799138
24802804
24807469
24823809
24825443
24827826
24835035
24837287
24840386
24841372
24852885
24853076
24865809
24868089
24890599
24891108
24892516
24893826
24909507
24912650
24920772
24925694
24929142
24962701
24973679
24981812
24988873
25005670
25010707
25027532
25045884
25056262
25083283
25089241
25116152
25119578
25137575
25168047
25174752
25179088
25186484
25194179
25219836
25241537
25254530
25254545
25263352
25335260
25422745
25490163
26672968
27877707
25133042
24096479
25101777
25110419
25110420
25110421
25110422
24879917
25074917
25115379
25121764
25132749
25132750
25132751
25132752
25132753
25132766
24792977
25133015
25133016
25133020
25133035
25133037
25133038
25232429
25337296
25141137
25141238
25144746
25152601
25183372
25228509
25017436
25153703
25202324
25593901
25170542
25170230
24815396
25279011
25560342
23677534
23749654
24123108
24178436
24193293
24295850
24496701
24582566
24612871
24635571
24637176
24660760
24677396
24698154
24706100
24715050
24730518
24756832
24761808
24773566
24779413
24781339
24811367
24854336
24894597
24912042
24928688
24936052
24939135
24951256
24953186
24957849
24965801
24980811
24996380
25010720
25014624
25016039
25041308
25041535
25049358
25051417
25056243
25084512
25120597
25120711
25123391
25123392
25154942
25163495
25167938
25167939
25167940
25167941
25167942
25167943
25167944
25167945
25167946
25167947
25167948
25187893
25195909
25201926
25201937
25228624
25240474
25246742
25252354
25253371
25266025
25269503
25284200
25285288
25294265
25317112
25324874
25325105
25328759
25328765
25341349
25349835
25384332
25467273
25512154
25604301
25918797
25931914
28664086
25187177
25190150
25093454
