25349630
25206261
25206262
25206281
25298958
24969353
24971795
24993887
25210923
25225573
25212506
25232229
25232230
25232231
25232234
25232254
25232266
24625807
25093281
25108023
25400721
25400734
25400780
25408758
25058686
25220211
25230726
25363173
24906751
25251497
25252861
25709741
25279005
25278676
25278677
25278678
25278679
25278680
25278681
25278682
25278683
25278693
25664305
25268735
25268809
25299127
26425622
23757373
23824732
24419742
24436142
24628732
24629927
24633721
24664859
24681076
24687988
24720453
24723444
24731067
24750254
24753328
24773336
24826809
24826891
24826984
24827117
24827414
24830916
24834789
24849129
24854568
24956175
24985165
25001185
25001975
25008567
25012243
25022855
25038396
25055876
25063520
25069978
25070099
25070969
25073117
25091062
25092897
25110103
25110109
25130723
25131001
25132107
25157583
25157752
25159895
25172489
25194338
25199472
25218706
25240315
25245606
25249796
25263434
25276073
25297026
25297775
25312622
25327930
25327931
25339328
25349682
25432406
25486706
25490837
25504245
25591154
25594755
25632327
25657976
25848522
26349170
26837870
26989734
25100717
25124036
25309063
25296847
25346732
25160626
25229685
25303370
25122160
25310300
25314140
25320506
25320511
25320514
25320521
25593908
24755437
25225672
25318991
25320370
25317594
25330071
25349535
25236588
25343257
25386172
25988160
25366760
25395946
25356018
25356051
25356058
25356059
25274735
23996235
24245546
24444387
24698334
24817551
24853276
24890952
24898806
24995675
24997315
25038872
25058176
25063579
25128081
25130096
25132282
25171023
25172221
25187299
25201298
25205201
25205289
25207874
25211241
25212723
25218701
25223715
25239641
25242061
25268839
25277407
25280259
25280261
25291126
25323880
25364384
25368747
25368751
25368752
25372672
25384294
25399223
25411523
25420735
25461465
25505712
25509697
25518373
25518766
25528834
25528840
25528841
25528848
25536807
25598258
25626653
25842929
25867146
25950045
25950054
27202716
27509717
25364910
25365320
25763216
25248691
25381391
25381392
25300443
25389898
25386948
25400455
25400463
25400980
25400981
25400982
25400983
25400997
25438767
25400867
25406411
25406585
25409451
25905013
25411976
25473155
25473169
25473179
25489938
25417725
25421746
25469011
25469040
25469052
25373785
25477765
25617536
23527870
24420644
24549584
24797247
24890556
24901497
24929480
24929966
24986431
24994519
25036019
25050847
25052887
25052961
25096514
25109343
25168369
25174558
25187235
25195783
25209136
25218349
25220697
25229983
25231089
25231285
25236528
25236736
25238456
25238940
25243327
25249064
25256639
25257403
25267280
25267679
25284372
25287253
25301002
25304251
25313444
25320229
25332372
25339679
25364410
25364467
25365948
25371749
25376543
25384804
25389709
25393387
25393388
25399000
25399001
25409842
25420546
25432826
25436126
25439063
25439064
25439065
25439066
25439067
25439068
25439069
25439070
25439072
25439074
25439075
25439276
25440917
25440919
25443803
25447734
25459132
25463658
25469063
25473996
25474277
25481185
25484214
25489838
25491907
25494468
25521727
25521728
25521729
25521730
25521734
25521735
25521744
25523255
25526440
25526458
25530066
25531993
25537902
25546671
25554983
25554984
25561871
25574460
25574466
25599769
25610889
25611710
25623979
25630318
25630323
25643511
25647818
25675812
25693932
25705161
25709789
25741431
25834490
25910297
25910347
25910373
25910374
25910378
25975153
26019775
26019781
26135104
26491414
27029228
27090252
25873940
25876324
25479069
25320070
25479911
25590026
25493032
25422427
25487159
25745602
25503415
25341969
25516674
25516677
25516679
25544886
25664089
25512771
25516619
25584066
25695008
27379339
25363776
25521039
25589897
25548476
25548501
25548508
25539656
25310996
25547101
25549250
25551587
24566154
24738549
24832381
24866378
24916061
25041690
25063740
25079798
25087912
25088761
25092073
25096604
25102980
25142169
25146335
25153626
25177920
25204745
25209115
25243578
25258120
25299958
25307862
25322664
25332373
25350223
25351712
25352645
25355934
25376264
25381453
25402746
25412627
25420666
25421669
25421783
25433997
25435934
25445660
25452339
25452787
25454482
25474513
25484071
25485514
25488676
25496269
25511146
25531491
25531492
25547086
25561270
25561921
25561974
25569660
25593644
25603526
25608573
25608930
25616287
25630018
25632914
25632915
25642246
25648523
25655612
25657508
25666954
25667382
25667600
25672241
25672355
25672432
25684503
25685542
25697698
25698264
25705641
25705642
25705648
25721770
25722508
25722969
25725176
25726174
25737718
25743791
25743833
25744466
25747884
25750999
25757628
25758739
25758740
25759631
25759836
25763259
25764618
25773820
25773821
25789128
25790548
25793240
25796022
25808243
25810869
25821353
25832509
25832929
25843757
25846655
25857779
25861257
25861258
25861262
25864341
25864342
25866110
25871019
25873761
25876571
25878627
25881966
25901741
25906546
25914802
25921128
25924819
25945326
25945331
25945338
25945343
25945344
25945346
25948881
25949992
25970504
25977689
26000305
26016044
26017082
26017085
26028098
26028212
26031034
26043216
26059619
26059834
26060821
26064095
26064096
26064098
26064948
26077432
26078943
26078970
26084791
26090383
26090428
26090429
26090448
26106411
26118054
26120585
26125266
26125525
26126322
26149788
26150965
26155185
26155631
26155704
26163597
26163609
26163631
26167176
26173664
26183105
26199856
26205802
26211413
26225653
26225656
26227669
26235676
26245678
26281154
26281163
26281169
26281173
26281174
26281330
26290206
26308758
26320500
26323433
26330278
26339635
26346770
26369685
26369687
26372776
26375619
26379360
26399446
26401998
26415264
26415268
26421191
26422871
26434889
26462366
26464868
26470920
26474349
26494936
26495322
26496433
26514489
26516382
26523406
26525279
26550574
26551554
26557697
26557940
26567998
26604968
26610308
26625734
26625797
26625820
26632218
26635875
26638529
26669032
26680492
26707047
26727420
26727421
26745073
26745106
26775370
26817100
26817102
26819622
26824034
26887147
26931005
26931012
26987137
27008742
27355208
27442386
28042524
28635878
25446105
26400883
25564606
25569625
25574084
25574087
25574097
25574111
25632493
25621278
25876903
25593496
25605987
25605988
25642213
24889903
24895149
25460589
25590622
25593145
25636887
25784986
25610537
25530496
26090010
25603825
25624729
32262044
25632315
25521717
25632206
24469039
25605238
25635841
23036269
24434186
24448078
24763131
24764254
24785402
25083561
25119827
25144338
25156435
25213078
25236423
25256783
25256909
25257094
25257099
25274157
25297536
25303151
25308209
25308308
25323795
25328011
25339607
25362585
25382801
25391019
25425478
25428158
25428685
25429769
25448827
25454706
25458775
25459582
25467826
25495001
25495104
25495199
25495272
25502106
25524129
25530147
25533430
25533432
25533433
25534805
25555553
25566739
25578955
25629665
25652869
25653855
25653863
25659398
25704525
25711663
25726048
25743454
25748153
25748157
25753878
25821422
25905054
26084184
26457231
26529968
28197229
25605939
25646814
25459696
25652892
25657274
25852332
25505267
25658333
25658601
25663761
25639633
25664771
26770764
25699141
25762984
24947433
25503559
25886722
25955624
25955636
25687706
25852651
25700392
25880912
25884934
25594724
25729426
25726814
26430475
25741160
25741163
24952898
24996057
25111233
25167801
25288202
25363555
25379950
25404713
25462804
25488911
25499186
25499189
25523895
25535274
25541915
25560322
25572939
25582501
25582657
25617151
25621254
25624012
25628102
25629566
25634297
25656240
25659217
25659218
25659219
25659221
25667614
25667617
25715240
25729434
25729701
25737169
25744862
25750552
25760614
25776067
25785345
25786769
25804914
25806078
25806727
25806733
25822439
25827801
25830077
25835107
25853101
25866728
25866729
25902619
25916088
25916090
25940117
25978052
25988249
26030973
26057919
26076508
26360683
26622273
28210674
30805431
25738539
25736205
25763052
25745176
25834453
25759529
25759550
25749128
25806032
26571729
25880776
25767223
25557028
25889172
25780285
25737551
25781966
25788149
25793403
25794002
25805943
25805956
25805959
25834719
25973159
25798602
25799401
25799515
25807464
25810813
25617764
25815731
25826146
28943607
25829953
25834331
25822999
25918633
25007814
25034254
25068917
25316551
25354832
25366148
25381839
25381932
25382033
25382113
25382169
25403622
25442082
25480405
25483749
25496042
25515520
25521693
25567053
25582162
25582190
25600075
25608738
25609721
25622856
25637502
25645832
25645840
25648057
25655557
25660579
25660825
25678011
25683389
25687912
25687921
25703120
25710915
25711943
25733031
25736141
25736143
25742401
25743471
25745877
25765139
25767896
25773771
25782871
25794373
25808831
25824521
25830377
25842298
25887867
25896153
25904569
25933658
25967717
25993675
26005267
26012224
26039833
26106466
26106468
26106473
26171133
26171134
26171135
26171136
26171137
26171138
26171139
26221499
26221501
26223722
26228979
26260554
26309440
26710478
27785292
28197234
24837365
26157713
25852262
25852279
25856059
25880121
25858838
