32008404
31993076
31972622
31953721
31951768
31948925
31933346
31907860
31877554
31862245
31858489
31851102
31826914
31816301
31816300
31816298
31803999
31794441
31792089
31787375
31783342
31774477
31762120
31756677
31751903
31746104
31740519
31730770
31721371
31715026
31713731
31713148
31702083
31701608
31692137
31680399
31677326
31669571
31657098
31657090
31654635
31633246
31629103
31589873
31566879
31549252
31541302
31529392
31408909
31392473
31264199
31212078
31154030
31141285
30919464
30362366
30299030
28819779
32099422
31995688
31917913
31606534
32099418
32064263
32013183
32743522
32411209
32132302
32063691
31993967
32411211
31912840
32158248
31978985
31799583
31727367
31712269
32001852
32039112
31963721
31628946
31963129
31942231
31945813
31939638
31785295
31484913
31243237
30974928
31941121
31941061
31932983
32411786
31998709
31924273
31923209
31918787
31936446
31936445
31924635
31916938
34123271
32055783
31969878
31936288
32021321
31914569
31905355
31948121
30643100
31948009
31947827
31905475
31889181
31808481
31669766
34460198
33777268
33582693
33582691
33577476
33577469
33454693
33454691
33395833
33372437
33355079
33251986
33199955
32980709
32975237
32865036
32844883
32837180
32772697
32759443
32742971
32723957
32719215
32715931
32671773
32669514
32634084
32588907
32586445
32583695
32565505
32550944
32509242
32509241
32479014
32475522
32407266
32396919
32389913
32363150
32344409
32329683
32323177
32294739
32285851
32282315
32271664
32248175
32232212
32161246
32155006
32148392
32141861
32064841
32062657
32045929
32030673
32030073
32023777
32011445
32009612
32009113
32001960
31999353
31991426
31988882
31983158
31979866
31957322
31914672
31914631
31910629
31910424
31902909
31901517
31898643
31897247
31887841
31884139
31880244
31880012
31868664
31865819
31865812
31859080
31852320
31846972
31832295
31813768
31804619
31801133
31796467
31794517
31784293
31768613
31757436
31755285
31747565
31739759
31720971
31707627
31704464
31697109
31678900
31669263
31655807
31654614
31629704
31628820
31619405
31602821
31599196
31585715
31578008
31574212
31555919
31550703
31550395
31536988
31536951
31476357
31471921
31434101
31432642
31429670
31425693
31394526
31387107
31359499
31337540
31336366
31309632
31306032
31302654
31288235
31250150
31216549
31216545
31207188
31203748
31197249
31067538
30991394
30991388
30982050
30978536
30870847
30827224
30820016
29521212
32082377
32082967
31906000
31175364
31905669
31882864
31882676
31882019
31881830
31800248
31881688
31870136
31874626
31874514
31929816
31967088
31921729
31863213
31859933
31933634
31930132
31929786
31897087
31853955
35541605
31844047
31842819
31841502
31908717
31847484
31722986
31610314
31857780
31857776
31834915
32765829
31842501
31838174
31832784
31746966
31835889
31829249
31826881
31825954
32062910
31886245
31886171
31826057
31826049
31815623
31885568
31817518
31800638
31849907
31796755
31796064
31433955
32042724
31810343
31791309
36339288
32595243
32595240
32581644
32127898
31981356
31915638
31876759
31876728
31871444
31860191
31852158
31852134
31841206
31841039
31833862
31832112
31823539
31812180
31788098
31757364
31757363
31742481
31735275
31732849
31704553
31690518
31677698
31674145
31666308
31658124
31654882
31646920
31635944
31630360
31620902
31617289
31599741
31580959
31571359
31571330
31570017
31568921
31557645
31557612
31556767
31536675
31530039
31523897
31513896
31507036
31502382
31502365
31501152
31486549
31474463
31468633
31442431
31421413
31420229
31414587
31399638
31394110
31384793
31359381
31328382
31264254
31240436
31235543
31188484
31169314
31134430
31128278
31117149
31112805
31049715
30955164
30872284
30771070
30734607
30734601
30032346
32087072
32087070
31819550
31795477
29627231
31798838
31787851
31890426
31767852
31765556
31758014
31756217
31827669
31747390
31752394
31748354
31555777
35021478
31819586
31165863
31744181
31798780
31731694
31724387
31548270
31394893
30970438
31799199
31754296
31754294
31754290
31726980
31720909
31814739
31827378
31717683
31717622
31717523
31703565
31781514
31749593
31700098
31682611
32186598
31920269
31872609
31865367
31864441
31802920
31764809
31759377
31759341
31755342
31736344
31729849
31725612
31702966
31701771
31689846
31689837
31683830
31675915
31669286
31658025
31650851
31630582
31591459
31583734
31529234
31491684
31491552
31449801
31433314
31427446
31427391
31416838
31383743
31376734
31299258
31290105
31271862
31237031
31230405
31206764
31123976
31115933
31111517
31062875
31037448
30863929
31982012
31831956
31754308
31750260
31662455
31731531
31731390
31666991
31650795
31640588
31639030
31637982
31799095
31660038
31640262
31651514
31635029
31635253
31550146
34485458
31737682
31623145
31617972
31949518
31511355
31358615
31358613
31934225
31614680
31614561
31614448
31487153
31604718
31649894
31633018
31602169
31602159
31591315
31636639
31581740
31577828
32436873
32274399
31998451
31935049
31889044
31832493
31824625
31804208
31802441
31800739
31785737
31760332
31750434
31749876
31721972
31625359
31602337
31591940
31591930
31577454
31559966
31559950
31524946
31448582
31441794
31437865
31434515
31414552
31414551
31411799
31411795
31411793
31407154
31407131
31400244
31399290
31377948
31368629
31368293
31361067
31357073
31356942
31354112
31352044
31350279
31350264
31349519
31346952
31343146
31338800
31332918
31330262
31325568
31324461
31304664
31304663
31295756
31295754
31282120
31282081
31282060
31282059
31280140
31273647
31261290
31255726
31250012
31209915
31197920
31197475
31187323
31175864
31168941
31134671
31120321
31038210
31023569
31020327
31020323
31000445
30905666
30811663
30790378
30659992
30635134
30580662
30499817
30098838
31662770
31633723
31632095
31611869
31616705
31561576
31616232
31576155
31552815
31408428
31662748
31550810
31488717
28520354
31558915
31558869
31572011
31542733
31546909
31537876
31537016
31571945
31527719
31558972
31505907
31505905
31195031
31009957
30970440
30970432
31558859
31645987
32229662
31531202
31686851
31511230
31509542
31645989
31583248
31523279
31496141
31283430
31206344
31543679
31500264
31500233
31492912
31490998
31489846
31523277
31487328
31523592
31487815
31894055
31798748
31695974
31646895
31625444
31624725
31602968
31592060
31564518
31555566
31554388
31554359
31534752
31530523
31524029
31517647
31496334
31486244
31486243
31486242
31486241
31486239
31486238
31486237
31486236
31486235
31486234
31486233
31479342
31476871
31475233
31474790
31452698
31439130
31436669
31424296
31410109
31386635
31385539
31383281
31364966
31348953
31347731
31345044
31332288
31322226
31322194
31310338
31304727
31296646
31293118
31279590
31278206
31262979
31250988
31227172
31226637
31213476
31201459
31173934
31145478
31135384
31130493
31114971
31113168
31108089
31096759
31034810
31033804
31014995
31006713
30994322
30981881
30939075
30927083
30926654
30816618
30796154
30784066
30778796
30768965
30710368
30663265
30580658
30580094
30328798
30272597
30121628
29898576
29847892
32069256
31471381
31467363
31465466
31465435
31555648
31528091
31466299
31455250
31507546
31461854
31455831
31455798
31451695
32021238
31611747
31482082
31430972
31426744
31423013
31423012
31522447
31452889
31419266
32598766
32598752
32598751
31348950
31435167
31435164
31411564
31460586
31456763
31412675
31409845
31523442
31409000
31206942
31395006
31393968
31390513
31390512
31390511
31406502
31390989
31390383
31447795
31182283
31387262
31383920
31382897
31427966
31382398
32186092
31638572
31529842
31529839
31520370
31484488
31464956
31464895
31454840
31453713
31423829
31423240
31393376
31392464
31392063
31371778
31368349
31313363
31313359
31310202
31273955
31268899
31258136
31251009
31250359
31214954
31210418
31199937
31192451
31177299
31174925
31172291
31162747
31154081
31150843
31145549
31132312
31125676
31124220
31119830
31113653
31111641
31111627
31111610
31111585
31111580
31111572
31111570
31110360
31075211
31069703
31062466
31034651
31033071
30977160
30969459
30950162
30945348
30902506
30891714
30852768
30847906
30828872
30770975
30734357
30681185
30656740
30215790
30006494
29166971
31485131
31370155
31417516
31485458
31467624
31182485
31345165
31344769
31523246
31348624
31335917
31331390
31367156
31330898
29579224
31379781
31179464
31307422
31095864
31036730
31341360
31336977
31244111
31360270
31296623
31262739
31285519
31333310
31169832
31367629
31320930
31308778
31272365
30753327
31308697
31516774
31269443
32373290
32117697
32003330
31831941
31688843
31646814
31587691
31587690
31566332
31528304
31504509
31475190
31463230
31414628
31379995
31379417
31379416
31360186
31355162
31354902
31350982
31348317
31348311
31335741
31327182
31312580
31311044
31305189
31288901
31288284
31282970
31282969
31281874
31263136
31259496
31258660
31258293
31235935
31217564
31193983
31177649
31171383
31165513
31150676
31145543
31132553
31126753
31121179
31119891
31114056
31108812
31101665
31101516
31085155
31081669
31068413
31061142
31048663
31047909
31047738
31034965
31018689
31009119
31006036
31003956
30999221
30998990
30989568
30973973
30950907
