35092112
33649116
32925512
34269127
34694626
36776551
36726990
36713187
36714569
36714104
36713177
36712871
36712679
36704105
36699059
33907066
34793965
33620868
36584163
36619787
36618075
36600686
36600682
36685023
36620008
36618354
36605400
36601618
36600925
36582782
36569142
36568095
36569092
36569072
36568787
36523418
36545313
36545196
36530421
36506809
35133224
35073453
34997872
34997478
34767179
34766250
34738190
34694594
36475275
36518580
36506013
36507534
36458050
36479284
36466847
36505283
36419567
36440202
36439280
36406905
36386590
36386419
36426355
36523828
36407872
36406444
36405603
35119598
35090978
35081636
34661780
34600095
34425210
34402418
36484013
36394050
36388314
36518859
36386698
36325107
36389354
36386672
36279271
36317116
36317106
36317079
36341418
36339412
36264933
36339034
36329840
36251649
36313786
36339587
36314013
36268270
36227871
36313672
36310856
36258798
36312439
36267315
36299273
36238953
36278195
36201454
36452618
35123088
35038821
34954341
34624563
32902144
36338426
36248367
36249768
36212919
34670631
36393826
36237432
36237428
36225593
36213914
36212809
36193094
36304214
36172620
36518456
36247252
36158881
35145043
36158129
36147796
36159635
36160444
36159644
36160235
36147839
36082176
36159198
35131967
35104897
35034240
35001603
34981309
34862940
34797447
34720007
34653070
34544212
34478035
34309336
34159520
36120379
36065317
36106101
36105857
36060520
36419946
36093179
36091249
36090072
36071897
36034104
36061875
36060760
36072635
36059979
36051244
36017395
35996682
36046747
36046653
36046645
35110474
36035159
36033766
35978839
36016780
36247193
35992644
35992650
35992177
35212258
35958524
35188863
34890721
34837575
34836662
34826093
34811928
34586611
34559599
33975912
35958801
35966084
35967444
35185091
35941891
35936695
35935877
35862441
35911659
35911519
35873363
35873092
35843686
35912184
35834591
35859911
35858038
35847424
35880079
35911756
35837536
35832043
35810638
35875116
35836834
35912055
35747568
35471812
35019222
34986362
34942042
34794924
34599526
34556521
34474492
34456262
34389621
34365533
34195891
33403941
35847930
35844600
35844568
35791315
35833028
35832384
36160282
35814712
35769552
35799701
35761846
35795038
35801205
35730809
35784921
35784696
35774456
35770084
35769459
35754804
36247045
35719338
35694708
35693058
35212073
35196541
35194669
35088259
34935142
34923593
34904185
34883037
34788690
34718170
34671932
34657578
34463885
34463884
34052947
33982218
33620708
33380437
35711410
35669956
35968205
35677839
35669382
35774737
35617240
35694298
35609024
35677057
35604898
35693736
35588432
35588168
35665336
35600099
35656035
35634347
35592739
35647033
35619913
35619651
35601105
35548064
35592847
35592678
35592672
35586866
35586194
35535149
35692679
35677512
35579880
35305327
35219219
35202734
35192930
35180147
35175996
35169106
35134322
35132695
35105181
35067826
35065317
35031300
35028968
34998795
34991230
34843640
34674318
34629204
34569892
34550866
34493140
34344784
34261754
34155567
33975867
33856609
33775895
33630702
35571162
35528160
35520360
35517896
35572695
35812710
35571120
35547124
35547123
35509714
35032584
35497022
35496735
35442962
35521214
35514745
35619660
35463681
35219867
35157901
35492307
35463631
35395029
35432566
35401986
35411160
35176334
35480118
35418807
35463542
35433748
35310767
35231822
35178810
35151236
35150600
35150597
35124867
35122398
35112435
35099837
35092634
35089403
35074605
35031156
35027671
35020137
34997989
34990038
34985687
34982362
34969161
34942172
34856035
34820966
34820809
34787713
34656500
34571111
34053003
33755825
33728527
33629817
33502281
33434656
32729738
35433874
35498987
35401882
34772570
35425727
35392259
35399728
35414799
35370414
35402325
35402304
35401472
35402425
35175750
35369042
35355819
35372368
35330691
35372408
35340586
35411238
35411234
35341140
34664721
35359733
35321071
35350837
35350782
35300405
35330762
35311157
35309333
35757079
35757073
35757067
35685959
35479595
35431767
35355671
35222705
35210193
35169233
35152551
35135310
35132787
35126731
35092499
35085495
35085494
35077026
35075679
35074542
35073455
35034200
35031925
35028298
35014884
35012886
34988937
34961943
34938905
34918208
34905815
34862656
34820555
34818132
34808298
34807790
34801278
34792700
34791673
34775122
34763046
34750206
34658307
34415621
34379265
34253574
34143908
33667677
33435660
33411259
33386646
33174119
35371708
35280895
35327548
35269634
35251209
35209867
34935901
35328125
35268605
35195783
35138124
35107334
35269560
35268242
35242211
35317277
35183117
35203691
35180851
35368458
35252276
35203863
35176125
35225438
35214432
35214161
35205754
35204598
35170985
36286752
36286745
36286744
36286738
35144344
34953808
35317427
35237167
35164864
35156153
35242558
35151278
35208870
35222423
35222047
35205623
35186192
35144998
34672717
35198786
35211104
35163805
35139377
35135494
35132926
35316958
35282517
35524374
35186783
35186782
35185560
35163679
35114945
35112169
35060920
34597601
35185941
35107441
34791274
35322639
35280408
35276991
35253170
35238779
35238778
35214080
35209724
35188454
35145669
35108809
35061057
35060390
35040170
35040165
35028854
35005807
34997950
34974120
34967491
34959071
34958710
34917220
34915286
34913949
34913612
34908535
34894006
34887224
34855643
34841620
34840096
34836916
34820868
34815313
34812032
34797436
34791741
34767145
34766392
34757871
34757586
34755318
34728185
34708484
34656620
34598295
34595999
34569096
34528291
34496600
34265231
34049441
33947195
33780131
33616741
33568425
33405435
32700241
35284346
35215134
35174222
35163588
35163566
34464702
34366297
35342453
35208776
35207669
35134132
35132337
35811791
35308451
35155488
35155235
35154106
35126509
35125826
35089437
35042332
35242232
35215265
35215122
35164122
35160508
35154057
35084993
35228972
35154268
35080677
35243117
35215253
35159484
35128311
35078854
35076392
35046042
35163199
35164000
35106160
35066747
35116178
35064523
35110955
35077070
35061730
35127752
34687265
35204842
35118105
35118081
34932956
34606373
35186575
35056645
35053607
35052332
35281875
35199676
35116108
35116103
35033024
34498732
33782215
35110948
35095872
34525196
35069791
35055622
35022266
35087887
35036696
35083256
35052955
35052824
35013458
35013238
35071521
35055371
35054298
35053302
35023964
35023934
34991485
35136671
34988907
34986780
35052613
35028313
35056007
34980267
35809276
36619735
36619733
36619726
36619724
36514452
36475870
36469575
36381169
36351608
36334916
36280325
36265518
36257610
36206406
36075194
36070564
36056835
36037806
35951774
35916669
35905376
35896068
35896067
35876250
35850984
35832706
35822330
35766565
35723116
35716851
35709705
35691921
35691920
35664028
35659353
35611250
35538710
35493626
35489790
35435065
35398825
35398819
35381764
35352684
35343753
35339174
35330921
35320535
35316909
35306991
35305008
35304992
35298108
35289715
35286038
35253008
35228472
35186129
35182470
35182125
35182115
35172301
35154524
35134780
35124288
35114928
35111964
35099025
35096085
35092372
35089556
35074961
35074956
35068685
35041577
35024644
35024198
35022375
35022287
35002447
34999697
34998312
34989432
34989431
34989430
34987633
34987287
34983141
34979784
34970034
34969763
34965181
34942310
34919971
34915742
34896204
34896202
34895505
34854954
34844543
34843738
34843077
34820125
34818576
34818434
34798983
34783398
34762267
34743914
34741767
34741681
34736313
34730406
34728467
34727544
34719435
34718236
34671128
34662879
34655499
34634508
34628409
34551417
34547219
34521183
34515099
34515086
34498915
34449868
34435515
34380131
34348294
34348279
34348267
34341100
34338237
34292218
34252420
34126614
34080718
34032179
34010846
34010829
34000722
33971660
33895735
33895728
33861314
33794562
33794083
33772880
33752212
33745813
33621179
33559090
33337636
33236682
33207917
33190433
32666830
32153098
35062726
35049980
35008894
35251460
35047455
35011936
35008340
34969107
35096672
34904434
35232914
34992675
34963695
35052202
34955511
35023881
35004736
35004676
35004346
35004729
34976420
34949212
34941132
34937167
34918746
34817238
34787463
35068852
35055951
35011255
34987609
37068773
35012913
34966443
34943133
34930813
34898468
34922625
34916692
34916691
35059576
35047301
34918670
34918639
34585155
35047605
35047595
35047590
34977105
36286673
35047279
34932677
34854456
34740597
35046629
34970506
34944729
34917459
34944861
34898613
34661966
34889251
34956928
34917172
34948007
34925643
34876031
34873651
34959375
34873204
34791340
34884957
34884406
34946105
34926251
34899967
34959656
34926862
36317032
35734496
35292265
35168307
35059071
35045446
35042015
34976604
34939874
34939285
34917789
34910430
34876391
34876389
34875914
34853972
34838195
34810153
34800634
34794242
34721687
34718962
34708471
34695557
34687700
34665156
34651380
34644235
34637947
34628695
34628694
34627052
34624541
34622504
34617641
34553455
34549319
34542808
34531160
34528337
34510644
34509390
34506250
34490965
34486760
34486195
34461053
34448282
34431440
34414638
34399193
34396632
34396629
34392499
