23170046
23172276
23178618
23187833
23197056
23209350
23251887
23251890
23458008
23481556
23833587
23866399
24847180
23173352
23254498
23155342
22576578
23046541
23180945
23180952
22534169
23084846
21559747
22105372
22383377
22511021
22516543
22549566
22581031
22670669
22680607
22688569
22736015
22748850
22773062
22773374
22786753
22842807
22855167
22862139
22891032
22901006
22930452
22944080
22946466
22982097
22982238
23001424
23002221
23013844
23022373
23027539
23035179
23035185
23036729
23039081
23039228
23054813
23066738
23066789
23066820
23066847
23066868
23066901
23066931
23066970
23067136
23067294
23067317
23072648
23079023
23079399
23114744
23117263
23121671
23124812
23130773
23135966
23151293
23154495
23167300
23186826
23192436
23196684
23199244
23205317
23205318
23226771
23228830
23244318
23256118
23257447
23257467
23265750
23268419
23274982
23290289
23342417
23354820
23373115
23388472
23419882
23432983
23469647
23786012
24010093
24010097
25610229
26852453
23198689
23148563
23221800
23079538
23494655
23167295
23236231
23236238
23217022
23112162
23231819
23234363
23245316
23245321
23242097
23248648
22980799
22982416
23019197
23293721
23137845
23090067
23326126
23326145
22867947
23272897
23261994
24893298
22059906
22332868
22580412
22618805
22647826
22699322
22785416
22827585
22829558
22841522
22877993
22945475
22950496
22950502
22950506
22971805
22984204
23000201
23013624
23016720
23016956
23020284
23022424
23034090
23038741
23043300
23047493
23051580
23054609
23057512
23058321
23066087
23076215
23083221
23090045
23090636
23100335
23104297
23108377
23108565
23114380
23115044
23128938
23129236
23134264
23134360
23139399
23139401
23144252
23147524
23154969
23163547
23163552
23164571
23165522
23183788
23205478
23207041
23222208
23224792
23252507
23252568
23257355
23257361
23264304
23265147
23275015
23279833
23286253
23286254
23287944
23295676
23325698
23350050
23351692
23360265
23360589
23365642
23370743
23372710
23374541
23383074
23383273
23386918
23401678
23403213
23409168
23423422
23423538
23429088
23431236
23431343
23437218
23448762
23451225
23509448
23516507
23533385
23533678
23534789
23534810
23539053
23545479
23554883
23554935
23555707
23557368
23560787
23565224
23565226
23568470
23569441
23573077
23573226
23573349
23577140
23577158
23577260
23592983
23597463
23603925
23606792
23606834
23606875
23615172
23615458
23617093
23617095
23634169
23635497
23653660
23653938
23653944
23661891
23661993
23679248
23679276
23679279
23679285
23682441
23682442
23700390
23710166
23714296
23714299
23716087
23718061
23724463
23727774
23728548
23759868
23762037
23769578
23774536
23785788
23788309
23788986
23794337
23794338
23794339
23794351
23797121
23801132
23803123
23808303
23815620
23833921
23860246
23861662
23879053
23880479
23886143
23901192
23922455
23934454
23935340
23936850
23951893
23951901
23956739
23959414
23961223
23970939
23983680
23983681
24043941
24045512
24047745
24066889
24068950
24088252
24088754
24110455
24159786
24167371
24174932
24187492
24198443
24200359
24219365
24226728
24228026
24235968
24252409
24254262
24254273
24267413
24270135
24273919
24283397
24289567
24289633
24292749
24305683
24307895
24312813
24319171
24319674
24322016
24322031
24322049
24325159
24334579
24334897
24340972
24348534
24348543
24349611
24349780
24353510
24356705
24363759
24371435
24381416
24382987
24390957
24412863
24417061
24424212
24429781
24437177
24437178
24442545
24443068
24443069
24443074
24453409
24454337
24454344
24454985
24460302
24460320
24460342
24501939
24501941
24501942
24501953
24501955
24505529
24557960
24601169
24640139
24648887
24649126
24714278
24714301
24772855
24834243
24834287
24834295
24834296
24868284
24933944
24933960
24933983
24933985
24933988
24933990
24967249
26316939
26527935
26527950
23093592
23326169
23298145
23178270
23302373
23222544
23311469
26417214
23122120
23158881
23158886
23372354
23372364
23372371
23270419
23382639
23220194
23262219
21461595
22344973
22581720
22647827
22669511
22829345
22830455
22889079
22901429
22936065
22981783
22982494
22995406
23020998
23044811
23054570
23061653
23067102
23067108
23067142
23067246
23067254
23067268
23067334
23067336
23076385
23093695
23099849
23104809
23184121
23189930
23190336
23190390
23200466
23208272
23216412
23223974
23224271
23230291
23252968
23253473
23260440
23263777
23267857
23306112
23306550
23325443
23331077
23356253
23381070
23381207
23381208
23381210
23395214
23400269
23446685
23456337
23467187
23468628
23550042
23568974
23569151
23620119
23631222
23768551
24564063
26181403
23306364
23391325
23434867
23178866
23258533
23404403
23403682
23429422
23429469
23429673
23181726
23382221
23547703
23425357
23646208
23433429
23466902
23297406
23432909
23419530
23396847
23667732
23483193
22442164
22595455
22745033
22858517
22956464
22961880
23019240
23021657
23024103
23053898
23064457
23084752
23090037
23111700
23117095
23132690
23184407
23188121
23208652
23232294
23254125
23263004
23264048
23266501
23273662
23275091
23292647
23297384
23303499
23312025
23333655
23345619
23355610
23357055
23358394
23370132
23380646
23381190
23399552
23408776
23467184
23478248
23481132
23497964
23511689
23512360
23524980
23529524
23532649
23560148
23560153
23560154
23573105
23592660
23620153
23622801
23622805
23634397
23650780
23658576
23687623
23740068
23748803
23805678
23914633
23930120
23984001
24010104
24023602
24265922
24426076
24564037
24605610
24648923
25340113
25340117
25841448
23406339
23462808
23475147
23777144
23486102
23493000
22883029
23180638
23198883
23671731
23276613
23506213
23412104
23422448
23555156
23555166
23333683
23530151
23530709
23530767
22858910
23167953
23535826
23569348
23606812
22299578
22512623
22914345
22914349
22916837
23024116
23053423
23053499
23063504
23066652
23066701
23067298
23067366
23067397
23067446
23083455
23107019
23121308
23121338
23136938
23167259
23167960
23180575
23241512
23242126
23248236
23263256
23266208
23268321
23283352
23288428
23291287
23294280
23335414
23338226
23339071
23375409
23420649
23430757
23453387
23458537
23458538
23458544
23458545
23460743
23469780
23470268
23471710
23480854
23496312
23496313
23496315
23496362
23498151
23512128
23527757
23528531
23529882
23552319
23552532
23559450
23559452
23560923
23566094
23568198
23568200
23585621
23624449
23624732
23628045
23662315
23667755
23724172
23748591
23757804
23771359
23809241
23837259
23838939
23853433
24362659
24829674
26181449
26181453
23557353
23833795
23572556
23619225
23450139
23392237
23512824
23638229
23691338
24303456
23613822
23637547
23620752
23613634
23536213
23626766
23638154
22689052
23553936
23622281
23622282
23629677
23560717
23646118
22698649
22736569
23001699
23078193
23079514
23108080
23127114
23163894
23267869
23269501
23287805
23293112
23302262
23307340
23314537
23333104
23369104
23369689
23388847
23393109
23396129
23402911
23410125
23415627
23429529
23429531
23429860
23430478
23432600
23438259
23439305
23447517
23450741
23454280
23454362
23456556
23471915
23475617
23475951
23477866
23494120
23503651
23515980
23528348
23528908
23535107
23536425
23537368
23550594
23550618
23560808
23567958
23578183
23583190
23600395
23601856
23614777
23631497
23631498
23633582
23634796
23635327
23641743
23644971
23667194
23667879
23668609
23673170
23680708
23687549
23688993
23710311
23710313
23756666
23756667
23757982
23758027
23767042
23767045
23793434
23828675
23856857
23858812
23868638
23894777
23894778
23894779
23894782
23901182
23930362
24156217
24349721
24649198
23500884
23667770
23338727
23667477
23674874
23652523
23652526
23659287
23672671
23687418
23966817
23506986
23704827
27029303
23583386
23745121
23716983
23716993
23721522
23737311
23589310
23611786
21562783
22954328
22961678
23082743
23132164
23137754
23165228
23190444
23237527
23241101
23279258
23279313
23305046
23305083
23316886
23316928
23336966
23337173
23350684
23352965
23360308
23371011
23380420
23403439
23404672
23417758
23423787
23470619
23477993
23480599
23481311
23499480
23505045
23523597
23551877
23556551
23563696
23567358
23568955
23569116
23583809
23585025
23585534
23588782
23596234
23612703
23616223
23623461
23625272
23639637
23639638
23639640
23639641
23639642
23639646
23640127
23640237
23652324
23656465
23659901
23661161
23681305
23697465
23701330
23708681
23712373
23725065
23725067
23725070
23749012
23750644
23765120
23767052
23771659
23773024
23820501
23825730
23825732
23828067
23877210
23882902
23966744
23998972
23998980
24000427
24010116
24250708
24340946
24471118
25095689
25161415
25337536
25337541
25337542
27785236
27785238
23742105
23728313
23683903
23751903
23760466
23776703
23776588
23771022
23799066
23158404
23566958
23652164
23686492
23772269
23825549
23684642
23801863
23801878
23800201
23800398
23888213
24833939
23923307
23665149
23840736
22684480
22907485
22941498
23060297
23206871
23242007
23254369
23376004
23400934
23423500
23435084
23446740
23452293
23455379
23455381
23463210
23466444
23517408
23538133
23562754
23564027
23566640
23567822
23580125
23583739
23597027
23600633
