33977096
33954041
33859206
33857171
33919894
33919876
33919811
33849660
33787863
33912041
33883913
33481280
33920443
33920408
33912723
33937401
33918902
33897647
33837194
33832076
33832060
33917861
33833389
33827581
33833484
33824394
33576626
33916777
33916658
33976737
33967606
33918194
33870679
35937513
34724687
34712451
34219870
34196192
34007349
33987384
33939891
33916129
33916067
33915950
33908861
33860100
33860098
33851685
33844460
33764848
33751865
33745178
33745175
33740616
33726886
33716293
33641223
33637332
33620634
33620586
33609322
33596342
33596339
33592125
33590882
33586844
33586832
33580612
33534148
33528654
33524402
33508177
33491828
33486805
33465265
33440259
33428545
33400843
33400833
33400830
33393060
33368906
33368895
33368891
33368852
33309978
33306581
33277762
33253515
33220144
33162475
33131337
33111248
33104990
33097281
33025296
32991019
32962566
32815266
32783238
32700868
32448921
32184187
33868457
33790299
33707351
33860041
33859848
33859683
33753513
33789817
33622995
33810350
33771992
33806236
33806161
33790594
32612016
33841407
33805064
33854608
33833981
33806815
33806716
33828562
33889464
33801073
33660729
33815311
33776453
33803832
33737604
33625427
33802974
33526561
33790881
33568397
33468712
32773388
33723550
33809289
33809022
33725850
33711050
33790722
33786292
33777009
33776972
33690711
33690620
33373627
33860026
33803389
33777138
33750448
33687940
33763365
33800082
33800844
33807684
33555893
33663382
33747975
33657108
33791049
33653891
33653284
35345077
34160356
34104240
33975689
33975688
33975687
33975686
33975683
33975682
33975680
33975676
33964828
33854818
33829216
33804551
33804425
33787108
33755974
33745265
33663171
33655025
33619851
33576881
33551347
33535070
33507499
33475481
33469673
33459087
33410344
33348108
33326642
33325628
33315794
33279389
33270205
33253856
33253724
33249167
33230760
33220252
33189701
33166619
33159827
33147052
33118117
32999237
32988228
32926335
32915372
32860155
32710649
32671873
32656854
32649836
32621817
32607829
32130658
32125206
31997281
33717022
33637817
33480396
33732225
33668848
33633144
33412155
33717131
33708766
33688342
33672116
33654446
33669969
33642828
33669642
33608531
33607774
33670726
33603125
33602223
33318002
36286629
33358913
35423273
33673347
33659730
33643927
33603417
33571257
32940336
33628350
33568233
33633697
33585756
33585739
33561152
34104536
33623753
33584099
33562680
33546630
33613500
33557187
33557074
33549336
33542225
28520353
33708059
33546229
33536006
33535966
33960944
33737995
33725768
33648260
33645176
33645091
33639679
33631996
33621131
33616339
33598277
33598173
33582914
33575087
33553672
33553668
33553663
33552283
33552244
33537143
33536385
33532556
33517286
33508684
33501492
33469204
33410595
33401980
33378576
33369960
33340526
33335725
33310760
33299174
33278960
33278617
33259676
33246580
33219579
33213773
33213769
33210981
33207391
33185317
33183452
33176617
33170492
33167084
33165831
33113240
33105195
33090614
33089598
33079335
33073485
33073418
33070380
33067911
33044755
33044052
33034903
32996111
32960107
32958588
32925553
32914383
32869346
32804837
32803278
32792335
32710499
32648301
32573049
32492481
32484277
32447310
32350723
32289532
32272245
32184184
33573346
33380559
33634021
33530275
33099650
33633723
33584549
33575024
33525650
33708110
33503046
33574804
33569347
33503840
33493107
33492581
33498958
33197219
33546089
33546052
33519193
33503197
33613772
33494239
33478000
33168589
33614352
33477306
33570133
33521037
33466180
33191308
33120256
31893631
31875670
33521016
33444370
33444345
33450823
33441677
33492921
33436953
33431861
33431330
33430099
33430005
33416498
32880636
35424199
33430456
33413117
33413074
33511178
33505946
33418965
33466356
33466325
31839644
33159778
32991669
32702129
35116282
35104273
35036842
35022338
34923460
34923452
34917323
34900047
34795977
34732625
34629355
34629343
34629342
34629341
34629340
34629339
34584585
34569311
34517373
34500447
34334591
34250840
34249318
34235483
34198294
34180413
34060292
34057145
33970782
33949229
33948075
33948060
33938378
33909795
33909789
33894424
33893766
33868610
33861441
33847152
33765320
33765319
33765318
33765317
33765316
33765315
33765314
33765313
33765311
33765310
33765309
33765308
33765307
33765306
33765305
33765304
33765303
33727504
33676046
33654357
33654356
33650799
33642795
33639688
33629042
33611322
33588422
33577035
33569458
33563859
33536719
33536715
33536711
33531979
33507686
33506937
33495694
33490615
33489204
33472292
33463143
33443341
33429397
33429389
33424523
33421608
33414617
33403232
33399167
33397248
33389529
33383028
33382492
33382489
33382363
33378314
33361610
33353892
33347972
33347033
33342422
33317224
33272177
33268003
33252332
33251569
33250430
33246519
33229860
33222330
33213789
33210316
33199369
33197826
33188943
33183185
33164946
33161156
33159904
33159692
33144087
33129887
33127161
33108201
33099549
33080611
33070448
33070127
33050865
33049740
33047288
33004623
32981515
32958544
32958543
32940810
32928496
32921592
32915422
32893424
32879462
32860343
32819232
32819050
32811409
32803883
32790186
32767919
32731214
32668822
32656803
32621246
32614751
32483085
32366110
32239550
32134755
32116195
32097905
31914442
31678978
31505488
33446993
33139588
33409257
33396581
33378403
33000121
32919870
33383839
33379336
33370399
33720600
33520508
33520500
33375717
33375694
33437843
33374353
33796185
33358497
33443133
33424963
33387435
33374988
33392108
33353223
33332328
33392106
33403002
33362907
33339161
33328548
33326975
33145397
33720581
33334694
33326776
33323523
33321493
33275896
32713922
33542169
33381095
33327588
33327555
33322136
33322665
33310916
33364881
33327230
33308189
33186014
34766127
33381168
33354229
33322025
33303936
32946873
33297981
33297977
33297964
33236884
34466568
33376580
33229580
33362372
33324038
33344250
33277599
33343951
33324037
33409077
34394223
33727428
33625997
33553045
33512802
33475593
33447305
33437803
33397051
33380694
33380666
33361865
33336746
33319126
33319035
33292344
33289652
33258794
33228342
33137535
33133254
33131095
33123234
33113427
33091669
33065487
33052519
33040439
33034717
33026704
33025641
33015410
33006810
33004546
33002310
32986227
32975049
32959615
32939900
32939660
32914914
32897519
32896972
32894625
32894370
32876377
32875544
32866936
32864830
32859614
32844531
32835664
32820568
32806966
32794288
32770542
32761834
32740090
32722876
32711616
32707341
32657507
32623872
32623870
32620452
32542674
32536216
32456394
32423360
32333495
32273291
32205420
32020360
31974914
31880473
33265933
33260854
33247117
33256131
33243209
33243200
33234771
33234770
33234768
32726703
33255366
33255175
33229333
33228552
33228534
33118020
33364127
33233485
33049222
33233494
33119312
32889907
33292353
33244288
33228138
33228095
33224683
33213417
33218028
33217986
33208839
33166120
33282942
33212749
33203625
33201893
33269059
33191311
32713919
32703913
33210650
33343702
33202739
33281754
33240392
33209052
33198263
33198135
33096019
33240391
33206753
33182527
33365132
33240923
33031021
32960677
33171588
33157939
33488727
33173899
33160724
33158224
33224898
33147814
33879441
33295401
33293776
33293774
33293765
33271012
33235586
33224369
33203206
33182033
33169695
33157035
33152967
33139411
33109577
33080142
33028965
33026166
32998950
32952638
32944660
32943295
32934343
32930864
32914284
32868505
32860283
32791303
32785699
32771406
32761824
32739761
32735936
32710943
32709216
32705927
32681955
32676634
32675775
32657781
32651747
32646659
32607781
32591943
32588736
32565361
32563971
32524871
32415517
32382973
32363734
32361784
32306714
32298215
32164047
32051206
31987710
31974134
31926791
31916087
31745904
34950310
33287914
33143263
33142982
33194715
33138146
33678972
33250694
33134159
33116260
32907328
32887714
32735911
33250749
33178282
33118535
33110097
33108375
33055207
33251073
33240724
33194806
33150333
33120827
33110611
33097791
33097748
33144855
33092560
33096925
33193668
33178562
33082421
33194783
33133183
33077561
33080670
33066747
33065017
33002424
32758621
32706861
32522541
34466594
33066507
33066474
32996960
33048943
33053671
33046484
32666091
33050205
33050171
33037244
33037203
33037094
33031327
33050101
33033122
33030444
32866262
33088161
33023610
33425156
32640304
32531409
33023041
33023180
33008316
34171062
34087922
33515750
33399648
33346225
33331485
33331471
33254299
33169709
33154702
33130753
33108123
33107307
33105984
33102763
33093020
33070487
33045881
33031196
33004953
33002056
33002050
32941831
32931710
32905167
32905014
32897313
32896542
32876916
32875528
32856604
32848032
32833285
32798667
32795839
32790220
32776403
32773508
32770644
32769425
32762390
32744363
32741250
32738635
32736040
32713122
32713120
32713104
32707316
32705749
32700866
32700438
32686319
32686284
32686261
32677465
32677105
32668502
32666589
32666199
32663196
32657237
32656898
32656891
32652196
32648237
32607764
32602161
32591353
32589356
32562608
32559822
32557327
32557170
32555069
32548932
32541200
32536287
32519216
