27923651
27957630
27966065
27993530
27995399
28012316
28025763
28045107
28070825
28070941
28071063
28071659
28074504
28074505
28074507
28074519
28089039
28091435
28103624
28111969
28134101
28138180
28150170
28151409
28151870
28151895
28153426
28155087
28177315
28181660
28192846
28194260
28207505
28207556
28211221
28261862
28270875
28289662
28345829
28352367
28356927
28384920
28405319
28406409
28626260
28952265
29956906
28150722
28152027
27974459
28167693
28223724
28223833
28176788
28367233
28193166
28193167
28080049
28246480
27887801
28198451
28201999
28202013
28205536
28207866
28180312
28321304
28219322
28220866
28223454
28223462
28275296
28231283
28260914
28239079
28263510
28289428
28125822
28177601
28267193
28293091
28293097
28293542
28293545
26798036
26886238
26972573
27159208
27287730
27432258
27435104
27505301
27636829
27718135
27757699
27761791
27771376
27832356
27977882
27983473
27992956
27995323
27999087
28012218
28024098
28034664
28062361
28083842
28089436
28092700
28093213
28093653
28105483
28119270
28124660
28131855
28131950
28145644
28148734
28150451
28152424
28164846
28177748
28199130
28213880
28214353
28217820
28220687
28229552
28236846
28253606
28275685
28275686
28275687
28288502
28288705
28288714
28288721
28291753
28353592
28355360
28382284
28399347
28406776
28440977
28441784
28454275
28462233
28523030
28538867
28791844
28955994
28959353
33371537
28130110
28272373
28272578
28321154
28271513
28279343
28279347
28279154
28286572
28294071
28331349
28287480
28191714
28289177
28242706
28316150
28348497
28361716
26780091
27609487
27840366
28031283
28088639
28274105
28301676
28386474
28306723
27861146
28322182
28322295
28327128
28333654
28373761
28373764
28328957
27357986
27647232
28338646
28343151
28194462
28350359
28350854
28355540
28364105
28400753
28401064
28405156
28355210
28424674
28496965
28550827
25888319
27178256
27196582
27246105
27391421
27484400
27491384
27493095
27558281
27578489
27592706
27600628
27609810
27619357
27682363
27687509
27717096
27785853
27786400
27862371
27879042
27889168
27922485
27933701
27939654
27986835
28008607
28040990
28053340
28057411
28070826
28074309
28104319
28130020
28138021
28138506
28160247
28167563
28181345
28185986
28209367
28211305
28215587
28215588
28232251
28256082
28294543
28297163
28325194
28327825
28361341
28368278
28388387
28404159
28406585
28413207
28422853
28425653
28445260
28457323
28506634
28516058
28536491
28539709
28545189
28588158
28616085
28638586
28638587
28702150
28702157
28702158
28706400
28775748
28790223
28790233
29214001
29515642
29560709
30157329
30520603
30650494
28396696
28423569
28378786
28384207
28088356
28388631
28397767
28405201
28393877
28443084
28398251
28399250
28406453
28407007
28408665
28413454
28507835
28410409
28410586
28465629
28465641
28032715
28040273
28043671
28264969
28451066
28507617
28952513
28418004
28418469
28419119
28425268
28345912
28422059
28333400
28426827
28427431
28439300
28487612
28438158
28350791
28404925
28685143
28445444
28491051
28465717
28453551
28455424
28522904
28522905
27017059
27514310
27590997
27604367
27609016
27789656
27859804
27873158
27878753
27957783
28044235
28057446
28087652
28109636
28159461
28181701
28188774
28190283
28193745
28209611
28235245
28242673
28286292
28291549
28315035
28316321
28323271
28336774
28339054
28344352
28346875
28350745
28361211
28378553
28412148
28429247
28432224
28438869
28444545
28444588
28449341
28455589
28460499
28460500
28460509
28461410
28462373
28478826
28494926
28507984
28512564
28513523
28529571
28536725
28537662
28575885
28584402
28667035
28791813
29221517
28463973
28463979
28512631
27588327
28469125
28077560
28187315
28529929
28559221
28481232
28481365
28379694
28404962
28539915
28651409
28752138
28492483
28493953
28496197
28498343
28570542
28566898
28208005
28214334
28329192
28402440
28452210
28638276
28560185
28367842
28522798
28545056
28531095
28536478
28470309
28538665
29367938
28539032
28542582
28545444
28616610
28611733
28415781
28481076
28504579
28558668
28558695
28558708
28584718
27074924
27745965
27862319
27913304
27973462
27990709
28004186
28029200
28043017
28066960
28076696
28077338
28079346
28087975
28094491
28098401
28098406
28098408
28111844
28124467
28124492
28125857
28181350
28185664
28193722
28238506
28244264
28258560
28265894
28276835
28280129
28281170
28283804
28290188
28290189
28290721
28315923
28318453
28320722
28323552
28343971
28355955
28365919
28369403
28390977
28391418
28391677
28395383
28396320
28410134
28427896
28430970
28433795
28434882
28438623
28474842
28493185
28501083
28501093
28513226
28523650
28524785
28527283
28530108
28532623
28541262
28544984
28561164
28569272
28585591
28587343
28588701
28588876
28598306
28601610
28603230
28606235
28612708
28617879
28617882
28617893
28626571
28631561
28631563
28643627
28655571
28680723
28698858
28698866
28736645
28764169
28785571
28785572
29849681
33593015
28575047
28577017
28584243
28638893
28634572
28626546
28596594
28642748
28642750
28616083
28618744
28652651
28652666
28655094
28396349
28505287
28643777
28410791
28694656
28691008
28644872
28691004
28643319
28655347
28706428
28662697
28729760
26495881
27177243
27428674
27505404
27848027
27853902
28063114
28077625
28110098
28283237
28300649
28319273
28321977
28341758
28345276
28351219
28361362
28371166
28383714
28413904
28427781
28437803
28444418
28456445
28457713
28460208
28465548
28474959
28478202
28479510
28488117
28492711
28495503
28497487
28506722
28508274
28557342
28560288
28560289
28560291
28571523
28577761
28581271
28591245
28592787
28608279
28631728
28640520
28668845
28680806
28682047
28685609
28693066
28699598
28718212
28719375
28720300
28721975
28724047
28725073
28725080
28745795
28746216
28748672
28770876
28808376
28892894
28919599
28927196
28932364
28932365
28932367
28937403
28954122
28954123
29063887
29093241
29093581
29093585
29093586
29093589
29118933
29118942
29155519
29217946
29483497
29560671
34352972
28630293
28683070
28730144
28687643
28702193
28703181
28710240
28765692
28699931
28715499
28423364
28505965
28640317
28814970
28728545
28785141
28671706
28728310
28728313
28770008
28794636
28759055
28788072
28814829
28672431
28760790
31071068
27154568
27196595
27919744
27966176
28233580
28243860
28244177
28265827
28271597
28299869
28302498
28303625
28326664
28336275
28402041
28402047
28402048
28425141
28434988
28436254
28436598
28436616
28445591
28456631
28458166
28459602
28464347
28464553
28475740
28483968
28485638
28508421
28513632
28515219
28516374
28534090
28546118
28547755
28552806
28577244
28579469
28600655
28602400
28610877
28613963
28617030
28622096
28625823
28627614
28634020
28656718
28657473
28659302
28660726
28668450
28677898
28681188
28730504
28733944
28736214
28739770
28742407
28763009
28781959
28789445
28796053
28810614
28816977
28829504
28842047
28875866
28969123
28969250
29085584
29158778
29201154
28769030
28824555
28824561
28771198
28824883
28242110
28442395
28839434
28792503
28822453
28792967
28837301
28796164
28796840
28797101
28798312
28848358
31643717
28801429
28801580
28860835
28806959
28808292
28809820
28809946
28811347
28813514
28868113
28814725
28874963
28615221
28817628
28819202
28824711
28820478
30460076
28825631
28776541
28827825
28879170
28813421
28830132
28648602
28932086
28932087
28850590
28938629
28853437
28854239
28854276
28913339
26364850
26798071
27663505
27677314
27848196
27965281
27996373
28025702
28083659
28120843
28140708
28263101
28266875
28281167
28283946
28351713
28382482
28389738
28397104
28407946
28440099
28452093
28493321
28503971
28532190
28550752
28552432
28574503
28577915
28581361
28629725
28644575
28653267
28660597
28660598
28666843
28668512
28690082
28702753
28704778
28719592
28720314
28732784
28732793
28736845
28776746
28776748
28777099
28797990
28800560
28805327
28810728
28823115
28844217
28864349
28869699
28889157
28891127
28891128
28891130
28891131
28891132
28891133
28891134
28891135
28891136
28891137
28891138
28891139
28891140
28922433
28937019
28937021
28943131
29218061
28873091
28877472
28932213
28970731
28970736
28886101
28887533
28910871
28969052
28642169
28912838
28902909
28924391
28755972
28912586
28395508
28395509
28531911
28683520
28750485
28874038
28959124
28978104
28928249
28930683
28791799
28983474
29085187
28942408
28836767
28950014
28959142
29050151
29088747
28953255
29021786
29043071
28957341
30480234
28983475
26889725
27941565
28110439
28252813
28413079
28422951
28434172
28508347
28524341
28534071
28544172
28544222
28576278
28576397
28577241
28598012
28614909
28643393
28648894
28653787
28676192
28677101
28681177
28689782
28694295
28699885
28700364
28704226
28707344
28711545
28737284
28739267
28739826
28754464
28756233
28763752
28768706
28771880
28771894
28781119
28781120
28782119
28787771
28799258
28799687
28802077
28805287
28831408
28879777
28879822
28888185
28937799
28939284
28945209
28990461
29026593
29026594
29026595
29036957
29053425
29072383
29081700
29118872
29195678
29211362
29249102
29302146
29405158
28972560
28974686
29042857
29108235
29108340
28936496
28978808
