25823664
25853150
25926721
25761510
25875960
25892867
25892872
25892886
25732381
25769921
25874793
25889379
26131283
25879227
25883278
25897328
26034541
25881589
25894610
26448963
25914469
25914487
25902359
25908123
25756503
25914788
25915048
25915865
26150158
25945009
25945015
25945019
25960645
25928808
24656622
24796534
25123931
25207960
25249167
25307786
25439545
25460556
25501820
25510669
25532720
25549793
25565150
25578177
25602799
25639255
25644865
25703356
25736449
25737003
25752851
25752852
25766471
25773770
25779680
25784376
25804332
25822857
25837197
25840566
25840795
25859830
25875752
25894828
25895518
25900719
25916550
25917738
25929897
25932391
25933107
25935190
25981645
25999620
25999629
26006196
26033608
26039946
26051728
26051742
26108005
26121851
26131458
26165051
26191144
26215408
26219109
26236355
26419024
26673084
26673459
26674173
26701944
26701945
26793505
25848722
25942450
25944120
25946106
25949846
25854314
25954115
25817795
26029176
27335954
25939670
25984606
25043305
25987781
25223554
25752610
25837254
25839651
25978198
25978460
25993258
26042097
25992323
26066790
25167793
25167799
25167803
25918255
25918256
25918263
25916841
25964325
26010545
26010595
26020514
26034367
26075197
26068073
26120299
26002554
24993741
24998026
25174398
25222882
25351555
25382231
25382293
25480404
25481036
25505301
25512629
25578789
25579756
25581708
25582223
25582323
25595209
25595949
25599961
25602009
25602010
25602795
25603836
25638590
25640474
25640774
25645086
25645940
25680481
25683672
25709108
25721850
25725293
25735460
25754397
25767109
25771812
25790902
25791584
25792104
25796531
25796615
25796983
25799054
25799959
25800579
25802298
25804905
25818402
25825427
25834143
25857514
25857639
25867766
25871616
25878170
25891418
25898944
25901896
25917563
25939315
25942627
25956174
25957600
25975444
25978092
25980031
25986021
25987282
26021191
26025173
26028928
26040760
26043412
26044889
26050720
26050721
26050722
26050723
26062421
26082756
26087803
26119195
26136988
26137299
26151041
26151690
26155203
26155205
26157097
26172632
26180497
26207250
26234008
26258104
26261639
26266125
26273266
26306384
26310565
26344212
25963096
26031894
26039789
26098241
26316471
25945782
26074689
26074691
26074694
26074708
25996206
26106373
26106374
26106380
26067974
26124751
26074426
26076489
26327960
27275240
25970344
26015064
26078204
26087062
26097839
26096341
26074077
26100113
26102080
26105000
26111186
26206987
26112768
26140276
26140001
26170645
28943614
26123101
24921211
24930857
25071068
25080447
25098924
25118857
25118995
25147201
25287166
25422082
25430849
25479940
25527419
25556402
25567795
25611309
25639278
25645880
25651030
25663243
25707354
25724165
25791852
25805024
25807972
25811119
25818253
25831975
25837964
25846576
25847580
25870073
25919773
25934547
25941002
25943773
25951801
25964471
25964473
25995212
26003395
26007198
26010562
26011564
26039002
26039006
26042186
26044541
26068338
26069142
26078366
26111845
26117138
26126617
26140632
26142028
26142032
26142579
26142580
26142581
26165061
26165062
26165063
26165066
26165067
26165069
26165070
26165071
26165075
26165082
26165083
26171199
26185407
26199743
26228360
26228365
26228964
26239326
26240800
26273576
26310640
26310641
26310643
26328039
26330884
26375337
26395801
26448408
26448418
26470429
26470519
26499410
26511191
26710498
27047175
27830132
26135134
25957472
26141380
26142670
26142673
26142681
28868397
25458511
26622976
26057619
26152582
26167071
26167080
26167092
26161647
26161856
26169633
26513957
26160167
26168305
26058866
26168784
26185372
26185386
26185391
25838286
25977510
26191352
26178711
26179287
26186918
25980439
25908206
26196862
26202648
26217093
26198377
26206035
26206036
26208517
26096673
26322291
26229405
26710953
26220068
26226153
26226399
26230117
25192563
25501288
25510739
25528645
25585658
25627811
25639461
25655472
25669590
25689684
25697625
25698559
25704078
25709107
25728540
25731870
25752357
25769877
25777777
25779639
25793253
25805114
25845910
25854786
25855760
25893507
25935087
25935794
25937205
25937501
25996140
25996410
26032200
26037459
26045613
26048027
26061623
26069891
26075412
26075959
26077884
26080893
26101373
26113187
26123694
26129806
26141464
26147515
26173786
26175262
26240475
26241535
26249690
26250129
26258610
26265521
26268087
26268127
26289240
26289683
26350330
26357676
26381304
26434119
26547064
26622541
25979772
26214524
26239636
26244370
26251891
26022128
26158864
26269681
26265993
26264957
26269947
26269952
26322088
26316793
26287172
26290630
26601230
26473200
26261179
26287606
26290044
26290321
26347726
26291794
26172618
26309357
26309370
26099637
26102550
26144696
26069090
26301861
26502581
26317221
26317520
26328025
26322871
26464765
26464767
26299834
25134787
25518978
25592266
25603827
25622927
25681693
25703995
25710546
25793904
25793916
25797276
25857683
25867608
25867718
25868840
25877756
25902748
25971330
26024556
26035809
26061894
26062003
26067222
26078393
26082024
26082063
26095723
26096441
26096900
26115947
26135867
26144047
26147605
26152929
26154702
26160435
26161568
26173574
26177572
26187502
26188264
26197709
26204982
26238583
26238584
26254397
26272026
26314665
26314666
26314667
26314668
26314669
26314670
26314671
26314672
26314673
26314674
26314675
26314676
26314677
26314679
26327290
26350687
26350692
26354049
26372818
26372819
26372820
26372821
26372822
26372823
26372824
26372825
26372826
26372827
26372828
26388668
26401131
26426633
26435133
26435813
26435815
26440958
26473155
26473156
26501118
26520195
26529802
26541342
26551571
26596089
26611765
26619104
26642478
26649012
26693189
26889133
26898080
26957987
28239271
26388855
26341771
26342139
26392812
26361423
26345206
26357509
26400286
26290953
26355434
26355839
26357838
26364844
26367386
26370226
25721731
26091613
26374120
26389872
26629215
26379246
26441971
26383107
26193630
26387443
26401089
26404085
26405806
26421105
26413490
26460663
26409735
26420970
27551466
26517486
26238817
26264665
25240409
25326338
25406127
25552229
25640660
25664588
25664664
25664781
25664889
25689935
25704183
25739590
25801708
25827337
25838168
25967588
25974661
25995217
25999247
26000660
26024688
26070441
26123529
26123658
26138290
26144892
26170414
26173998
26195456
26198695
26205689
26215272
26238217
26238296
26238858
26247118
26251239
26269563
26271484
26272484
26316259
26323880
26327504
26331563
26331564
26342014
26350279
26369312
26395311
26417980
26423014
26423130
26424053
26437730
26446341
26470742
26470964
26484483
26496283
26502864
26531273
26535121
26535122
26609353
26620009
26623443
26633110
26638623
26664470
26680270
26691472
26691482
26702191
26722538
26742438
26802882
26817219
26929530
26929759
26932698
27014647
27175206
28741523
30023197
26436504
26434384
26442711
26317548
26411687
26457012
26457015
26457016
26457021
26457023
26457024
26457027
27335981
26500620
26306031
26452739
26142047
26142048
26468448
26456705
26528337
26568799
26376616
26543737
26352159
26439864
26478679
26665665
25845708
26515003
26770352
26383021
26474972
26480911
26481899
26482072
26401965
26487372
26486595
26487493
26494972
26496251
26497958
26614852
26439692
26507409
26523098
26523106
26523109
26513137
26535701
26586939
26586949
26664028
25132401
25277467
25560197
25677732
25753030
25758998
25851555
25896553
25923666
25952090
26041307
26062531
26086571
26139132
26175264
26187581
26210999
26245638
26253291
26253555
26283332
26287955
26294699
26301332
26332850
26338221
26338726
26354778
26365389
26377936
26390415
26398764
26444826
26510082
26510083
26510087
26521817
26552348
26552453
26552455
26559250
26586348
26618199
26632710
26634096
26645900
26655127
26655129
26668797
26713273
26722288
26805252
26805292
26805332
26823836
26849750
28741473
29083837
29083839
29083840
29084383
26523455
26379079
26417932
26925898
26297842
26583078
26535514
26544971
26558147
26558151
26558152
26558157
26556993
26566487
26560860
26559190
26561781
26650279
26953449
26565397
26573220
26576102
25977263
26195015
26383162
26600932
26575645
26494017
26580072
26439427
26608993
26610474
26443502
26589831
26862378
25473081
26087796
26599790
26599971
26614063
26391105
26640335
26417849
24910016
25704290
25707504
25724703
25735573
25735663
25735793
25740642
25752487
25766747
25854149
25856798
25864465
25868123
25908492
25956489
26001881
26078003
26088449
26109032
26130415
26254213
26256542
26259667
26291507
26297996
26310272
26312625
26330346
26334425
26352131
26354800
26362986
26364719
26380815
26384537
26386878
26395018
26408373
26416863
26420253
26435907
26438603
26438795
26449252
26453146
26456045
26472476
26508464
26526205
26530303
26530493
26547504
26563475
26589774
26604389
26612043
26615705
26627512
26632893
26633126
26635936
26635938
26637894
26651251
26651257
26659608
26668747
26671275
26676599
26691187
26692159
26697568
26720453
26742312
26744854
26744875
26770181
26770899
26778396
26807365
26819804
26824735
26840466
26841699
26845003
26882603
26882604
26884656
26887366
26939235
26958609
27003777
