30950407
30939533
30923996
30918182
30918177
30885054
30831067
30822363
30783683
30771498
30756200
30737531
30667560
30660588
30556347
30542785
30489354
30467699
30458609
30267333
30060902
30041293
30018164
30015399
31256192
31084933
31063819
31304923
31248924
31248010
31154451
31234623
31040022
31233532
31226948
31320834
31222169
31006803
31259207
31248166
31219607
31216758
31211818
31210639
31023530
31312381
31208076
31285938
31258538
31235994
31208001
30746833
32550313
31338438
31312620
31263467
31200531
31188899
31141379
31216821
31185961
31185677
31185594
31182977
31174492
31194177
31174419
31239728
31231345
31281348
31163069
31096193
31281430
31223492
35692450
31719913
31656492
31594649
31594648
31523403
31523402
31439991
31380260
31374569
31351000
31321040
31292058
31275840
31263324
31261556
31258363
31245167
31232019
31215194
31210890
31204406
31198840
31194025
31190581
31185494
31180067
31175076
31174707
31159416
31131650
31117799
31105780
31095531
31081048
31076795
31073878
31061528
31060399
31045263
31031217
31028565
31020673
31009922
31001924
30990575
30990573
30986450
30974298
30951818
30950170
30950149
30950147
30950129
30950125
30950121
30936098
30927489
30921623
30920087
30912226
30909302
30907202
30907050
30907046
30900015
30880020
30873719
30868689
30859680
30848868
30836214
30831083
30825537
30824241
30785215
30773665
30768161
30759976
30759973
30746924
30741347
30734129
30713328
30710706
30664567
30658199
30585499
30537266
30525242
30488325
30480810
30153522
30007342
29802173
29460136
31150460
31192315
31161041
30566695
31239721
31142622
31089638
31191547
31154720
31154719
31154718
31154716
31138752
31138331
30849478
31137895
31128058
32813082
31137742
31120915
31118420
31137135
31113384
31031029
31141059
31109082
31156696
31156652
31108976
30966743
30936204
31182945
31217887
31102380
31092295
31092242
30772413
31143067
31088930
31088381
31110563
31123538
31083432
31079047
31211144
31071187
31114133
31065023
31198421
31119065
31061194
31191660
31130939
31105433
30954575
31191648
31190978
31187029
31048876
31626472
31551210
31529855
31501784
31217933
31163953
31152522
31145357
31145312
31145282
31140227
31118802
31115224
31115218
31084230
31083747
31078170
31078165
31078164
31060997
31045826
31043636
31040635
31016770
31016767
30946040
30928028
30924176
30890258
30878288
30878287
30872115
30853466
30846831
30839435
30831443
30795853
30771270
30771043
30770974
30768986
30694338
30689230
30677439
30646431
30626826
30618438
30554285
30550642
30449016
30374622
30370523
30366771
30357905
30329127
30327875
30242605
30206731
29994278
29369241
31110567
31110496
31035975
31030500
31086459
31035365
30825476
31069210
31069176
31019200
31259134
31114195
30084944
31003453
30996373
30999581
30996301
31040783
31040894
30991669
30991639
30988344
29983199
30979915
31050268
30860833
30974798
30962456
30962240
30983818
30611907
30594606
31024299
30897591
30249942
31093484
30987326
30987215
30949574
30951424
30894496
31495388
31460640
31406519
31406514
31363401
31363400
31215888
31149550
31126185
31126184
31092975
31065302
31065301
31019702
30985706
30945954
30939800
30935552
30931373
30923060
30920687
30917423
30914435
30911993
30873747
30864275
30854700
30841008
30829764
30826566
30821043
30820719
30814025
30810777
30807813
30806617
30780194
30773732
30771733
30771244
30767339
30767076
30761584
30734438
30734341
30731075
30726563
30724729
30700447
30698318
30696658
30692181
30682548
30672082
30672065
30668729
30632237
30632012
30616430
30612517
30611829
30600485
30596522
30572056
30552035
30548730
30520811
30515905
30511407
30511397
30411353
30361060
30291568
30240703
30151994
30132887
30011083
29806098
29778309
29661803
29615489
29084052
30936343
31131332
30917150
31013561
30578933
30909623
30916140
30893536
30906870
30890750
30890723
30890606
30624738
30884828
30909206
30874618
30682685
30449800
30449773
30870471
30881065
30862888
30804204
30886648
30849945
30984271
30891327
30866458
30841890
30841591
30836932
30760591
30453195
30881059
31939402
31165696
31128023
31101780
31080613
31043139
31041278
31011309
30993096
30953428
30941933
30923034
30915725
30913125
30899295
30881118
30867787
30851183
30851166
30842138
30841424
30817593
30811160
30810934
30807294
30794008
30776938
30746790
30722796
30707146
30685784
30674576
30668441
30657337
30655033
30654009
30611769
30599446
30582187
30569124
30567746
30553995
30501144
30476134
30460898
30460507
30415060
30408229
30381494
30293417
30266639
30251121
30242430
30097895
30076728
29884484
29467166
29362990
30837046
30833806
30544248
30993085
31031866
30845386
30845383
30854333
30813360
30834368
30842937
30820249
30815260
30782170
30779804
30776808
30778129
32598623
30815255
30781382
30781380
30528776
30439429
30391440
31327997
30785561
30764765
30665774
30863087
30805032
30781778
30746681
30792753
30761849
30742638
30881448
30800106
30788442
30452960
30736338
30727997
30867850
30804917
30863783
30854351
30717467
31031242
30879352
30854823
30848026
30834051
30834048
30813139
30792865
30771870
30762742
30732192
30732157
30729077
30704201
30696587
30670121
30664775
30648911
30620266
30616462
30610283
30600432
30584008
30580666
30576975
30548729
30542778
30535468
30520693
30512233
30510104
30497821
30472237
30460730
30457890
30456701
30455363
30453813
30440101
30440100
30440097
30440093
30431691
30431685
30417953
30412334
30412323
30391471
30381846
30377205
30360135
30350237
30346636
30334829
30324743
30324717
30307052
30289459
30267972
30259652
30242897
30221401
30210122
30176157
30132888
30101458
30076637
30031145
29987976
29773406
29351155
32294189
31497856
30774400
30726307
30704478
30703170
30700693
30509017
30504527
30838087
30906650
30854120
30700483
30696868
30837408
30713820
30692510
30703786
30690955
30690954
30683841
30683054
30677863
30669717
30686901
30665367
30669474
30660182
30478171
30424932
30655593
30697158
30679917
30596427
30152520
30146577
29730902
30670908
30646625
30642137
30642095
30636642
30648020
30641993
30634964
30630221
30792618
30631092
30630444
30630433
30620657
30621610
30621024
30312687
31316732
30611258
32226168
32099601
31998864
31839636
31820858
31747762
31724503
31721712
31669909
31649793
31649792
31616528
31609640
31530263
31505504
31483161
31479604
31406071
31366830
31263848
31242493
31175802
31156188
31146068
31141074
31123895
31123894
31123893
31123892
31123891
31123890
31123889
31123888
31123887
31123886
31123885
31123884
31123883
31108232
31089376
31080246
31073104
31067529
31054561
31049845
31042232
31037557
31019676
31016634
31016632
31016631
31016630
31016629
31016628
31016627
31016626
31016625
31016624
31016623
31016622
31016621
30982804
30970344
30963969
30949317
30944675
30939286
30880764
30880323
30879008
30878664
30873873
30864527
30827248
30827235
30806251
30799389
30791844
30786815
30783074
30705518
30688713
30657587
30653141
30641681
30637659
30633225
30631939
30630185
30606930
30598593
30598592
30554489
30554223
30554208
30540997
30531243
30507657
30502053
30489412
30488570
30488317
30487167
30481763
30454658
30446816
30431097
30421681
30414090
30403784
30396071
30391537
30383909
30332951
30321907
30318006
30316006
30315723
30315306
30301709
30296434
30287170
30286691
30267713
30255200
30251093
30238199
30231834
30201280
30189197
30179876
30169908
30167923
30153682
30151653
30145749
30137321
30129819
30021234
30014755
29985646
29978464
29969055
29938616
29934751
29932231
29766826
29747491
29705524
29580123
29331945
29306868
28971764
28889771
29638186
29473478
30701845
30587141
30642147
30583684
30583337
30622531
30619218
30567376
30371971
30648111
30561425
30561424
30561423
30561421
30561420
30561419
30561417
30561416
30561399
30647734
30550583
30588039
30619779
30411892
30651922
30544765
32153909
30531928
30526601
30564215
30514875
30514858
30513960
30631602
30622590
33601862
31315345
31294357
30775159
30692438
30671108
30619936
30619934
30607296
30600732
30593147
30574618
30574617
30574317
30558078
30558024
30553475
30549114
30544455
30509760
30487061
30486559
30477641
30468256
30454939
30454938
30454936
30449701
30415359
30414714
30380140
30361857
30361856
30361080
30341686
30337049
30325988
30324767
30324756
30320396
30316008
30311721
30308319
30303591
30292863
30281874
30270559
30267894
30264175
30259311
30251295
30250993
30247802
30246507
30246423
30246287
30245474
30244090
30230643
30230637
30230072
30220238
30209842
30205739
30195645
30195448
30191734
30191728
30191635
30187651
30180998
30171605
30158280
30157723
30151951
30145830
30131271
30114485
30105789
30076561
30024269
30022596
30022297
30014492
29969753
29888786
29888414
29870582
29856181
29853336
29851130
29778549
29726737
29609065
29548703
29429754
29382776
29327820
28843547
30513684
30497458
30631255
30568504
30482827
30642140
30642139
30642138
30506544
30524287
30466467
30487702
30463511
30479570
30475726
30425200
30463266
30453970
30315069
30196049
30037168
30037167
30479459
30428917
30427843
30538739
30538998
30473688
30413458
30409143
30408105
30430119
30455695
