22919612
22919609
22113134
20492005
21567391
21610271
21793912
21862926
21871022
21871025
21883453
21916989
21953141
22030104
22044848
22045063
22045417
22057474
22065048
22065160
22068961
22081333
22094633
22114933
22134639
22135108
22184416
22186633
22189111
22197766
22203601
22205793
22205802
22205825
22211953
22214337
22247512
22252584
22260624
22266632
22266963
22269034
22279028
22284248
22284390
22286050
22294194
22294430
22306377
22307323
22307326
22307328
22309125
22315005
22321036
22327302
22328266
22353507
22353533
22355017
22356863
22358069
22368251
22370706
22423259
22426167
22430349
22457856
22457866
22474475
22481861
22534226
22534991
22535603
22555467
22616502
22619883
22619884
22624333
22686075
22730634
22803148
22919605
23155795
23155796
23155800
23264931
23267370
23267382
23569904
24116302
24611120
24611121
22405014
22421606
22781284
22781287
22781288
22781289
22781290
22781291
22781295
22919616
22416184
22194421
22245091
22249367
22366378
22468181
22351512
22429929
22271764
22436502
22438379
22468078
22468083
22468087
22468090
22321642
22337879
22449974
22448810
22566937
22265748
22450308
22453836
22919629
22493541
21229335
21547904
21890816
21945157
21947847
21948483
21964647
22057241
22080417
22083417
22088310
22089252
22127376
22138891
22141752
22142407
22155622
22157685
22160312
22161133
22186672
22189526
22194341
22198222
22206882
22207531
22221143
22280243
22283743
22289088
22290141
22298090
22311663
22321702
22322786
22323555
22324425
22350820
22364673
22369682
22372560
22378039
22378042
22378332
22392023
22392025
22395061
22395063
22395483
22402775
22404411
22404412
22404413
22404437
22404438
22404439
22404440
22404441
22404442
22404443
22404444
22404445
22404446
22404447
22404448
22428928
22431830
22435509
22442341
22486865
22486867
22486876
22486880
22486882
22498901
22498902
22498903
22498905
22498906
22507789
22509118
22511052
22512748
22522462
22523724
22527813
22537375
22541262
22542151
22542154
22546936
22551026
22553121
22555636
22560982
22564515
22570759
22639323
22653899
22658549
22686036
22686046
22693779
22706736
22754243
22754245
22781038
22805915
23025059
23056092
23077922
23125952
23381751
23477175
23717113
24250468
24669058
26182161
29147287
22472082
23983362
21841827
22509084
22451934
22919621
22403439
22427675
22427676
22430924
22504179
22515206
22558885
22919637
22781763
22605007
22545760
22546014
21813476
21850571
21917738
22020911
22031122
22098133
22116383
22133280
22142434
22202178
22228002
22230167
22241770
22285806
22325805
22333951
22342315
22348604
22354030
22390843
22390844
22402132
22404486
22404517
22408164
22408169
22449582
22453536
22458716
22459185
22469191
22469738
22469743
22476044
22483355
22491499
22493206
22507104
22515805
22523211
22548767
22550247
22569433
22572832
22572886
22573924
22584971
22593450
22594266
22595729
22617526
22617527
22622480
22644851
22685980
22697595
22735055
22754493
22764438
22771588
22771606
22806010
22855656
22855662
22916491
22937582
23492866
22675833
22452665
22559785
22425905
22433535
22563195
22563199
22563200
22563204
22566976
22509021
22584511
22668909
22571603
22693861
22447158
22611307
22611319
21681741
21732341
22594560
22443934
22467878
22654429
22919661
22403257
22631862
22654444
22472665
22646246
21174235
21286859
21717452
21740452
21752863
21838696
21908868
21917649
21926162
21954216
22034238
22197863
22229863
22248366
22290343
22306053
22306054
22320455
22334023
22350696
22350786
22350943
22362756
22397406
22409993
22413852
22414649
22426602
22432710
22452604
22472745
22484287
22486730
22493492
22500516
22507395
22515353
22515354
22515355
22515356
22515357
22515358
22515359
22515360
22515361
22515362
22515363
22519568
22519812
22521089
22527167
22531096
22537648
22548492
22555448
22565637
22575588
22577753
22582841
22588069
22622266
22643599
22646255
22652786
22664920
22665158
22666872
22675328
22683837
22686192
22688169
22690658
22690664
22697332
22702365
22702495
22719803
22720300
22720301
22728974
22759765
22772788
22788127
22791635
22792517
22798109
22870595
22876438
22880230
22931937
22949970
22967447
22978049
22980598
23096467
23569954
25161402
26182316
22512976
22669782
22690077
22690086
22686510
22838124
22704618
22618234
22689781
22737274
22737592
22498886
22713227
22892134
22726236
22731891
22735872
22744249
21915696
21967617
22004585
22014090
22104005
22139480
22204454
22271888
22282137
22287591
22325590
22327782
22406936
22414211
22429646
22453995
22465506
22469133
22471969
22484118
22504230
22508148
22522893
22523087
22531114
22538471
22551001
22554233
22559275
22566509
22575273
22591037
22591121
22591220
22607536
22613622
22617822
22621945
22647547
22660918
22676359
22686508
22703454
22711373
22713083
22713084
22723589
22723591
22725115
22740658
22750980
22751662
22751879
22753098
22760679
22764031
22766592
22772926
22773797
22783557
22798711
22805212
22806157
22821304
22824768
22826649
22837871
22842603
22844813
22851076
22857536
22866308
22884501
22921101
22921102
22951652
23007819
23011237
23052174
23058028
23077816
23156462
23162336
23534274
23573488
23610545
23667410
24031905
24250509
24688914
28839665
22747681
22850072
22705207
22759733
22783255
22783043
22783050
22788847
22919683
22549756
22486825
22553922
22575220
22673188
22844547
22816013
22817982
22817985
22732404
22826627
22944268
22448847
23724317
22846627
21451987
21938548
22160824
22215089
22227999
22261119
22350702
22382515
22465228
22497665
22497902
22497904
22499779
22516171
22524533
22542748
22543025
22546876
22552023
22560062
22585229
22585965
22609923
22612259
22613904
22614238
22615049
22615243
22615251
22617360
22641402
22646167
22650647
22669208
22689709
22696647
22711358
22722905
22729596
22743737
22747451
22759322
22759323
22759324
22759325
22759326
22759327
22759328
22759329
22759330
22759331
22759332
22759333
22763792
22763880
22766746
22777165
22788927
22803645
22803646
22803647
22803648
22804766
22809106
22811495
22815458
22846406
22926118
22926364
22928894
22928895
22932084
22939467
22971068
23039806
23156519
23158730
26182388
22749593
22966485
22873119
22889111
22891666
23158273
22824761
22867043
24833933
22920270
22829429
22969195
22969203
22969206
22969207
22969213
22796202
22819990
22841718
21972003
22108846
22128757
22157086
22174388
22311514
22318891
22335194
22354521
22382634
22411268
22430353
22437473
22437474
22461656
22522599
22529251
22569640
22577830
22610150
22618577
22639839
22653921
22661575
22687518
22687889
22710874
22713511
22714811
22728939
22739662
22748275
22748862
22773640
22776439
22796521
22803691
22804104
22827718
22834702
22858515
22860610
22867956
22871898
22877632
22882260
22885761
22889385
22902843
22913848
22913852
22925283
22925286
22936092
22943012
22958148
22958149
22958150
22958151
22958153
22958154
22958155
22958156
22958157
22962522
22962528
22977806
22989437
22993310
23012664
23018004
23018006
23018302
23082699
23086648
23091951
23130855
23136708
23139983
23151160
23157112
23163048
23185755
23213974
23235750
23243715
23250242
23297515
23356205
23422628
23457877
23483862
23483863
24047023
22827534
22891633
22908298
22822085
22969227
22969235
22951408
22958278
22759516
23061031
22891951
22974200
22822069
22120154
22374853
22516655
22766852
22908208
22854787
22927405
22995503
22994150
23002355
23002365
22998649
23006807
23013214
23097865
22459353
22940550
23049220
23049221
23049225
21437583
22180059
22237657
22237763
22244727
22438098
22483414
22484493
22521077
22526791
22543844
22576713
22581342
22698670
22723255
22732269
22741528
22750463
22751348
22791809
22796385
22802346
22821560
22825364
22832211
22837325
22865848
22871922
22904070
22915196
22926299
22928604
22936327
22936446
22967115
22967116
22967117
22967118
22967119
22967120
22967121
22967122
22967123
22967124
22967125
22975273
22981476
22990511
22996187
22997420
23012278
23017162
23030426
23047627
23047631
23075784
23090795
23091318
23091792
23111958
23130834
23155486
23157006
23165367
23168695
23168708
23170146
23170149
23173315
23198543
23198544
23198546
23198547
23198548
23198549
23198551
23198552
23198553
23198563
23198564
23198565
23198566
23285418
23298481
23311026
23384898
23529995
23575053
23616915
23620967
23770883
23866448
23960809
24031961
24455519
24475411
24834225
25877266
29403770
22552917
22970729
22903621
23082057
22415887
23087691
23073762
23202954
22984984
23083400
23067328
23155306
23107128
23110798
23290208
22750540
22814402
23114016
22180062
22236381
22359278
22407102
22465935
22476887
22493986
22497954
22512654
22587780
22591680
22661272
22678710
22684348
22695477
22721841
22743557
22748914
22786570
22810108
22849546
22890770
22890997
22892326
22895083
22902391
22917539
22918384
22921814
22940419
22949129
22951332
22952149
22954692
22983100
22987448
22994973
22998687
23000215
23001240
23009227
23010643
23010682
23010740
23018579
23043664
23045484
23054650
23061445
23064216
23074116
23076291
23102240
23102241
23105058
23108771
23118214
23128806
23150022
23150107
23151856
23153037
23159967
23161233
23168865
23169178
