27462690
27785312
28240478
28586183
26629693
26635102
26364940
26386381
26408044
26641249
26668499
26668514
26668516
26645765
26646009
26438512
26658836
26690453
26824056
26823965
26862387
26672777
26673999
26178251
26372254
26669802
26690981
26674784
26677449
26733944
26662668
26689587
26690385
26691198
26691378
26571088
26712745
26713280
26443321
26730153
26730167
26730276
26524712
26718896
26719751
24606042
24870198
25491775
25600465
25609452
25663259
25740226
25811111
25899621
25919643
25942364
25986943
26033087
26065531
26087789
26089229
26094936
26119522
26153117
26163538
26172433
26239415
26243717
26289258
26303426
26338255
26342651
26346688
26363098
26365708
26368842
26383698
26383914
26385073
26391267
26391269
26424292
26435055
26438211
26454324
26465202
26490697
26505646
26513345
26516025
26518911
26527212
26541643
26548745
26559705
26560097
26560318
26563255
26580421
26598563
26619253
26619972
26620964
26632410
26635063
26637113
26638943
26643994
26645213
26647855
26696028
26706772
26710181
26710312
26726773
26730201
26740867
26741588
26746618
26750483
26752958
26758551
26767854
26767856
26773183
26780116
26781012
26784882
26788997
26789117
26789391
26789514
26790101
26791481
26796535
26811038
26813445
26823662
26824048
26824294
26831604
26831611
26831612
26831613
26831614
26835712
26837331
26838225
26838234
26838240
26849820
26853914
26853983
26858750
26866020
26870232
26870269
26875899
26883189
26884736
26887240
26901578
26904112
26904678
26907789
26912137
26914123
26915849
26925671
26933480
26933482
26939848
26939851
26942258
26942259
26955388
26958517
26960639
26998369
27000091
27006947
27007515
27008253
27028060
27028228
27028536
27028756
27030181
27039725
27039739
27039812
27039823
27042174
27045234
27070167
27070169
27088092
27114736
27127663
27131941
27160093
27160882
27182676
27190549
27212944
27221831
27221874
27221902
27222704
27233102
27239194
27246040
27246467
27261784
27264424
27264425
27264429
27268597
27268608
27268629
27281505
27281506
27301112
27301113
27301114
27301122
27332716
27332718
27332826
27332886
27356684
27374672
27413365
27429613
27432094
27437399
27446864
27460807
27478434
27487496
27493660
27509928
27509968
27509981
27522720
27525003
27548082
27573777
27573779
27573780
27573782
27573783
27578611
27579036
27598784
27614952
27627918
27631003
27641900
27644641
27677196
27683772
27683773
27688750
27713775
27738429
27797263
27807446
27829598
27829836
27833438
27840636
27866197
27885227
27892443
27916772
27928455
27974885
28003849
28018509
28030862
28053685
28070184
28078297
28096560
28174704
28174797
28276208
28450807
28502154
28517916
28614641
28614643
28635890
28839832
29090870
29431321
29727120
29874440
29874441
29889365
29889388
29889396
29889439
29889451
30280545
30289664
30376621
26729566
26730715
26739388
26744372
26755890
26744403
26745502
26779178
26597625
26828979
26671747
26753766
26758182
26759607
26761793
26764590
26764597
26834460
26768836
26769796
26769924
26811603
26811613
26811614
26219435
26712097
26784180
26798436
26798626
26781506
26657504
26792758
26830988
26811668
26855566
26689173
26701848
26814181
26814183
26879781
26879782
26879784
26879785
26879786
26649906
26814481
26815578
26620564
25175565
25472424
25539675
25563818
25864522
25908566
25982426
25982543
25997465
25997502
25997615
26092111
26186880
26252915
26252950
26358252
26493848
26549696
26592801
26610398
26616008
26639196
26644382
26658844
26669729
26690979
26694080
26709179
26739516
26743476
26754297
26769141
26771129
26812283
26815858
26822771
26838085
26844515
26848376
26871968
26880709
26886617
26899845
26911629
26925118
26935626
26937899
26937912
27044250
27048901
27105593
27105595
27130744
27133710
27182214
26730578
26833400
26833404
26843368
26844549
27200133
26848853
26855818
26852297
26855547
26862506
26989751
26864738
26866365
26867135
26868423
26814441
26877610
26877621
27390697
26401027
26800870
26909129
26909136
26909232
26909241
27127590
27158353
27158376
26854236
26879837
27681909
26917977
26797764
27119674
27217871
26906664
26906666
26900300
26901645
27904554
26937131
26937147
26928576
26950460
25721196
26087794
26210191
26331711
26427350
26446460
26452405
26454647
26484704
26508502
26538453
26554617
26568477
26585943
26632203
26648323
26657453
26669678
26686190
26704999
26759244
26768806
26773441
26774268
26778597
26805397
26805428
26827061
26832653
26843324
26843338
26847620
26848521
26852258
26852756
26853114
26853791
26862143
26871398
26878377
26879862
26900306
26932397
26934879
26945372
26947048
26955243
26961129
26986096
26991232
26997223
26997224
26998066
27005340
27005550
27010145
27014768
27051651
27076886
27138927
27222333
27226792
27303781
27358630
27436390
27627564
32258540
26931643
26934189
26941832
26959040
26973412
27014260
26870992
26955978
26957321
26957514
26796143
26981178
27005878
26970903
27572445
26488896
26794747
26944122
26981156
26989462
26983597
26983895
26991500
26997149
27003991
27004959
27006705
27007456
27047479
27117101
27022230
26958813
27572450
27031456
24874430
25663388
25715656
25752268
25779597
25956614
26079721
26103789
26104022
26123402
26140520
26140656
26211930
26222264
26223472
26224375
26251258
26280528
26316145
26347248
26369775
26381545
26453674
26547861
26553442
26554340
26585858
26611860
26612515
26618567
26648346
26674958
26706384
26712113
26713727
26733497
26735158
26765960
26780940
26792676
26796299
26800706
26802535
26825784
26836611
26838878
26841784
26847417
26850168
26851392
26851752
26856963
26857579
26880772
26880792
26890160
26898731
26922171
26932258
26932415
26932416
26932510
26938663
26943853
26946480
26957356
26961231
26961370
26974160
26993160
27020501
27043835
27050269
27050270
27069188
27079437
27082621
27097695
27108387
27124319
27168132
27241145
27249440
27252814
27265923
27266126
27305408
27305418
27305419
27312160
27326941
27335631
27352440
27386057
27386067
27438029
27453741
27497772
27512738
27734658
27822235
30234277
26910278
27045738
27053859
27076787
26942879
27583131
26630283
26735022
26968649
27079725
27096029
27087644
26968951
27092708
27001508
27064046
27303615
27099441
27099453
27100827
27106356
26988755
27050149
27112932
27118587
27217769
26809803
26989205
27173281
26755685
27144563
25057773
25522348
25569598
25600933
25846067
26328530
26623565
26637331
26821239
26821362
26836587
26847964
26848181
26868107
26900095
26916789
26928021
26929299
26930708
26932797
26940070
26976271
26992849
26996564
27020332
27042805
27048251
27095458
27101766
27123254
27123294
27140712
27149497
27150219
27157963
27171334
27175641
27175657
27175953
27196462
27196487
27210777
27210788
27210791
27212160
27212172
27212173
27227911
27237767
27275113
27316584
27383704
27405145
27419046
27419049
27430081
27437221
27540449
27540451
27629734
27664483
30695368
32258550
27143325
27138472
27142369
27148410
26903604
27033666
27120517
27164143
27158532
27161092
27166672
27187359
27155683
27155684
27174454
26364939
27187473
27232048
27323019
27182166
27182167
27182168
26657801
27084101
27183641
27213337
27191485
27198692
27335622
27217708
26347517
27114429
27164181
27215350
27222005
27252698
27462192
26044795
26130323
26297295
26332255
26347349
26347458
26348390
26395781
26395879
26409165
26412402
26423081
26467690
26477442
26612095
26628446
26700107
26749258
26775657
26779778
26794025
26802142
26862127
26862930
26873643
26886372
26908284
26923747
26925600
26950379
26984231
27002127
27012448
27014738
27015934
27017292
27019048
27020655
27048589
27067231
27077447
27079734
27084783
27091036
27091039
27091350
27102559
27103164
27103474
27116958
27125439
27134190
27136661
27137732
27137738
27137739
27147493
27164026
27170766
27178440
27209313
27240588
27256605
27279505
27284322
27306341
27306347
27308643
27308644
27308650
27308662
27310977
27320221
27338057
27339574
27344093
27350632
27382378
27382381
27403299
27403304
27403305
27403306
27403315
27436467
27437185
27437187
27458534
27478790
27556076
27570304
27594756
27605979
27648097
28502132
27271669
27323118
27256648
27274359
26947272
27275098
30015438
27269775
27275765
27338474
27354772
27191386
27294955
27323165
27206798
27298565
26908724
27313113
27322319
27323183
27322323
27404433
28031103
27232941
27340362
27329939
27340011
27323984
27334929
27312829
27312830
27312831
27312832
27504170
27348115
27482191
26907756
27078844
27351542
25893263
26056026
26079943
26186469
26293681
26420267
26486507
26486508
26582396
26595094
26634607
26779638
26809278
26846746
26852172
26854021
26866510
26940296
26941114
26969040
26970404
26971262
27075365
27075488
27079806
27080250
27082852
27083494
27090174
27091910
27094505
27102658
27102722
27116701
27129018
27129967
27131860
27134145
27150675
27173780
27177639
27180243
27184043
27185079
27189900
27215659
27216383
27216839
27240920
27244041
27253179
27254539
27270559
27273478
27279627
27282295
27287852
27296467
27298283
27316593
27347010
27362251
27366005
27366212
27376331
27412545
27412738
27427143
27438419
27439829
27440759
27442635
27474231
27488326
27499162
27499580
