30524477
30390715
30390626
30301528
30232154
30635887
30618397
30610045
30541347
30468469
30431613
30431605
30430810
30430809
30421627
30421194
30410167
30410166
30406527
30402144
30396378
30386616
30385583
30384402
30383471
30371773
30367169
30344716
30333540
30333530
30308190
30307122
30306734
30302246
30289395
30257329
30255340
30221659
30213786
30196233
30187618
30181372
30179659
30177783
30173051
30171638
30161028
30160350
30138760
30138135
30136703
30092620
30089869
30083861
30036109
30031802
30003588
30001289
29990487
29968043
29882207
29877271
29877197
29876770
29804294
29727437
29536297
29535059
29502251
29259069
29247066
29175144
28353112
30515224
30464550
30377283
30375488
30262688
30374120
30373520
30386109
30386106
30386104
30373781
30397607
30365569
30360598
30464637
30360352
30340457
30410629
30420905
30394371
30338390
30337679
30357014
30332428
30046786
30410872
30410538
30170940
29924982
29717480
30510674
30344913
30402091
30402507
30217524
30289389
30410559
30285834
30279385
30219349
34473435
31049172
30880711
30860515
30860506
30785522
30551854
30524983
30517241
30516400
30425813
30390730
30369514
30353753
30345235
30313042
30301329
30288289
30285964
30252924
30250606
30243454
30239490
30238819
30219982
30214604
30211621
30181534
30175534
30172701
30172695
30171216
30159952
30156040
30155945
30141228
30132541
30119923
30091503
30063986
30056808
30056108
30056091
30055397
30048738
30042064
30041999
30039535
30033619
30031039
30021412
29995350
29975587
29974550
29964036
29961825
29958254
29946872
29942073
29938463
29936174
29936093
29935141
29929167
29864542
29856194
29856192
29789650
29729504
29699944
29688807
29663251
29637844
29602600
29534657
29456060
29354867
29273641
29054319
28924022
28780617
30288255
30270592
30254207
30294347
30250213
30249046
30254410
30242291
30250741
30237392
30203808
30201063
30160114
30231525
29798705
30223892
30254719
30219037
30254963
30228784
30223470
30217998
30212456
30208068
30130396
30254463
30205817
30276203
30275917
30258561
30205541
30245670
29991595
30254670
30233549
30126985
30236218
30177630
30053417
30574481
30570095
30410241
30373872
30320011
30317253
30277626
30274005
30260777
30260776
30257631
30257623
30203591
30203590
30203589
30203587
30203586
30203585
30203584
30203583
30203582
30201100
30186732
30174504
30174279
30145102
30117281
30102559
30094086
30094085
30094082
30074472
30073943
30069974
30040500
30029036
29993359
29974491
29959527
29925646
29914954
29908307
29880208
29873316
29866802
29849123
29846770
29846605
29802946
29800696
29800546
29797599
29778607
29765142
29749704
29681019
29657020
29652111
29609070
29603881
29600697
29600696
29581076
29569711
29458241
29458240
29458239
29442489
29442488
29427040
29327819
29306045
29278022
29227738
29107816
29061033
30193613
30165823
30032289
29860117
30181784
30159776
30157866
30166857
30701937
30701936
30225247
30139906
30135361
30051712
30131654
30159051
30010161
30643748
30186138
30119655
30115886
30041879
30210707
30110395
30110394
29526960
30186818
30154784
30154777
30154733
30122884
30122873
30104559
30147361
30103451
30096818
30090010
30090002
30087311
29983280
30011213
29970473
30006158
30076387
30075801
30116222
30071832
30225279
30200714
30178856
30169983
30158402
30151274
30151206
30142835
30113472
30110503
30103227
30094865
30084577
30061208
30053958
30041763
30036134
30013779
30012409
30008849
29976092
29956763
29948439
29938865
29938864
29928974
29924436
29924430
29920721
29915403
29915396
29911329
29906255
29897654
29897650
29887603
29886081
29882322
29880962
29873438
29873436
29873430
29869386
29862446
29845564
29792916
29786166
29786110
29785564
29775804
29774633
29762682
29713024
29709690
29689419
29688034
29671158
29667709
29660462
29653117
29574700
29556889
29516528
29500674
29384828
29353347
29233672
29218793
28935123
26605702
31954001
30280058
29969862
29739175
30124214
30065554
30055649
30053915
30051672
30049355
30049197
29895618
31535067
30181749
30049174
30140281
30123433
30078279
30057741
30044468
30042331
30467552
29102269
30038469
30317783
30123789
30018251
30026792
30013128
30012215
29763614
29752266
29735759
30018486
30005690
30050516
29996790
29992917
30574220
29991549
29991877
30034379
29971597
29970607
30013553
29858229
29724755
33350111
31949748
30914851
30636955
30540092
30540080
30441988
30430483
30364585
30350536
30249574
30249557
30249552
30249550
30223656
30146828
30128430
30087718
30087548
30087539
30048609
30041525
30001615
29991891
29978002
29941237
29927340
29910462
29895984
29891132
29889263
29882988
29882987
29882981
29870790
29869461
29863280
29847440
29800606
29779861
29774764
29749451
29745891
29745002
29729305
29706061
29700378
29695148
29690823
29684243
29652033
29623817
29605555
29578085
29559361
29550592
29545632
29509297
29498457
29452847
29452574
29390905
29361008
29361002
29345340
29327293
29319200
29265496
29227536
29188582
29138101
29105496
28845910
28647684
28489708
28473630
25796498
29950163
29812937
30013618
29946149
29999489
29988459
29933411
29933614
29933576
29925321
29767194
29971220
29907681
29907086
29633633
29625086
29604247
29434119
29904244
29899426
29946428
29889843
29896736
35539942
29788098
29898005
29880759
29879914
29877070
29877069
29874533
29882764
29922289
30426947
29973994
32729225
32185975
32185968
30962796
30483570
30483568
30323363
30320205
30236210
30083331
29952282
29937914
29932082
29925124
29925123
29922755
29911441
29893664
29889002
29871751
29852782
29790696
29776635
29743338
29738305
29705507
29697524
