28982167
29062238
29515738
29085225
29085236
29085807
28898235
29018268
29024639
29024645
29046726
29023421
29085364
30483538
28924108
28992885
29038542
29085564
29541293
29042646
29044185
29044219
29047409
29049360
29057967
34595267
29064531
29114497
29060955
29060956
29072057
29072432
29075010
29292900
28992674
29082856
29084246
29084984
29855458
29089580
29154240
26808355
28008163
28189509
28347373
28382402
28470874
28483407
28494511
28516757
28579087
28606845
28634681
28664410
28683359
28776141
28787289
28791919
28806270
28807915
28830268
28857894
28877088
28892184
28922727
28953583
28965110
28977484
28984645
29027599
29050004
29056541
29068485
29072083
29086710
29110881
29113180
29113260
29113265
29119516
29132476
29158702
29161087
29177209
29181158
29219812
29220339
29313515
29368191
29487466
29095917
29099093
28917836
29107979
29109534
29255739
29221216
29133866
29151317
29138514
28798286
28943553
28984436
28925075
29149904
29177012
29133755
29161458
29162845
29162924
29209116
28890508
28890512
29166882
29166909
29434176
29170397
29170474
29176730
29161792
29178090
29403613
29172289
29225907
29133389
29186206
29238332
29238340
28934419
29040466
27937097
28164737
28206729
28240004
28532700
28543746
28583712
28647054
28667775
28705420
28709560
28726018
28733036
28752210
28776327
28780229
28780968
28782149
28791736
28791740
28819884
28828709
28833925
28833968
28834011
28840971
28851031
28868744
28882764
28884453
28884937
28913872
28927248
28927301
28930292
28932965
28935677
28940523
28940815
28941945
28947343
28954039
28961384
28961996
28975540
28975642
28977115
28980734
29016338
29034535
29035009
29039529
29047190
29055076
29055967
29058343
29062073
29062873
29083538
29083539
29094477
29097311
29103534
29103535
29105133
29105138
29105139
29119412
29119724
29125621
29132531
29132551
29135040
29143724
29182393
29187029
29192118
29195258
29199170
29199171
29208798
29209681
29215618
29218319
29225710
29235736
29243786
29253049
29270738
29273468
29279585
29285114
29302502
29302504
29302586
29373880
29384953
29442458
29493162
29566903
29566909
32188193
29202699
29206236
29259371
29106933
29216843
29355242
31618188
29239403
29036792
29312166
29312558
29238039
29312210
28167234
29021452
29246171
29362643
29291198
29291202
29951396
29200284
29203664
29259027
29259028
29259332
29306246
29299067
29560167
29560169
29281833
29371922
29286296
29383192
27670375
28042765
28111929
28176656
28374931
28382843
28385468
28452428
28464776
28595197
28645881
28648576
28735375
28762251
28774845
28821981
28844484
28885626
28885724
28925866
28960448
28975396
28990120
29027113
29031421
29037470
29075827
29076882
29080461
29082887
29089382
29099284
29102523
29111147
29119427
29121447
29131410
29135054
29135563
29136948
29138951
29138961
29144559
29145789
29147879
29154808
29156505
29175045
29179614
29226398
29226400
29226407
29230485
29241865
29288448
29298370
29310112
29310119
29311734
29311735
29311737
29322413
29333062
29342404
29346794
29369216
29379534
29379535
29383301
29387204
29387320
29393168
29393194
29393229
29399165
29404268
29411724
29429079
29430411
29433387
29434682
29441304
29453165
29484162
29489935
29491257
29494270
29500561
29513301
29514141
29519366
29564060
29564061
29566383
29567886
29587283
29587295
29602925
29629892
29669354
29672300
29682242
29682244
29686174
29694966
29698942
29719284
29729162
29731794
29745325
29749246
29779412
29783236
29788877
29791420
29791423
29870976
29870988
29870991
29870997
29963454
29966206
29972462
29976080
30002766
30002775
30081791
30101873
30152639
30178245
30185727
30242994
30249951
30269443
30298790
30302161
30302165
30302169
30317974
30325259
30336770
30343294
30348250
30442306
30464087
30485838
30502958
30595647
30624501
30636577
30674764
30677281
30684326
28723278
29099325
29291751
29293574
29358890
29222050
29223485
29290541
28947681
29317648
29317709
29423095
29507589
29320492
29607431
29324718
29329283
29391820
29375217
28873510
28950691
29033421
29069889
29239412
29309399
29309400
29365220
29379775
29568312
29348282
29303193
29347978
29403299
29080781
29391762
29527224
29403459
29362474
29364158
29364915
29361811
29370199
30146818
29373557
29373960
29416569
29365023
29456565
28964871
29378521
29382822
29355262
29430191
29445363
27136964
27920199
28197807
28408384
28460044
28488765
28695630
28696019
28713064
28727656
28733737
28782273
28863272
28965957
28980157
29032467
29035012
29063969
29066327
29085991
29089267
29092015
29102522
29102920
29106533
29110387
29120907
29125145
29128564
29134626
29135305
29138097
29156213
29159552
29168600
29174171
29178407
29178562
29181860
29181894
29193217
29197049
29202336
29203490
29205834
29208276
29210527
29214879
29215765
29221664
29235173
29235197
29243850
29246761
29247909
29248514
29251014
29264696
29266548
29270449
29282636
29289960
29301732
29307172
29324238
29328350
29337157
29388723
29398507
29399610
29437093
29448282
29511406
29511593
29536056
29606921
32185958
29393912
29636776
29275620
29468142
29434449
29445300
29151351
29229777
29670656
29666720
29059152
29467917
30701768
30701770
29670922
29463293
29484193
29676395
29515585
29553431
29106391
29471811
29472702
29502368
29552292
29319212
29681980
29487357
29491476
27355220
27560662
28278024
28368946
28643146
28669844
28707297
28725964
28731617
28748532
29033302
29054320
29076008
29129158
29138921
29153619
29175016
29197783
29214413
29229727
29243018
29248442
29263184
29266550
29270716
29276051
29286091
29299716
29306012
29307150
29325864
29330348
29352004
29355701
29378910
29382601
29383955
29384763
29407232
29446130
29446136
29452667
29456644
29458667
29467894
29469234
29494554
29497021
29506455
29507466
29507467
29518870
29519989
29520199
29520200
29523471
29528205
29541535
29557410
29593799
29768551
29928161
30256015
29499055
29510558
29515332
29511278
29581850
29518896
29531461
29563795
30015420
28918609
29069890
29212313
29225256
29225268
29482313
29543326
29543807
29636874
30480207
29558443
29743888
31314379
29562147
29562150
29562911
29767036
29662609
29566474
29566475
29587428
29583158
29588407
29593017
29657940
29599609
29619400
29596454
29669681
29795967
28121015
28602053
28899670
29036565
29080090
29107339
29113707
29155082
29158142
29161756
29203056
29241299
29247400
29269647
29271026
29273450
29309908
29315971
29315985
29316052
29327342
29329668
29336317
29345022
29345406
29345408
29353152
29355977
29367052
29369454
29400303
29404945
29405113
29405526
29426621
29427761
29428426
29430669
29430816
29432909
29437699
29446491
29452048
29457310
29460487
29468372
29480532
29480547
29480566
29488678
29504209
29504247
29509604
29512258
29522912
29552159
29573173
29596169
29599324
29623181
29632819
29642169
29668600
29674771
29692494
29707075
29707078
29707084
29715187
29728019
29760614
29766504
29774152
29790358
29807578
29854914
29892932
30043859
30043875
30043876
30057990
30084407
30084422
30118457
30118459
30118460
30687530
30697294
31938333
32454647
29805445
29872586
29666614
29849582
29636824
29621300
29675003
29849647
29681906
29719591
29632423
29643432
29696001
29662291
29779320
29055047
29448222
29661143
29661188
29713313
29849820
29665777
29666390
29666402
29669273
29719511
29671413
29671784
29672549
29850294
30701869
29481677
29538771
29677198
29686466
29690588
29849739
29410309
29691341
29691472
29699490
29699505
29774138
29849864
29629719
29648578
29684965
29684968
29684969
29684970
29693338
29693980
29701437
29720312
29701631
29854075
29854076
29704402
29713127
29605977
27490761
28098578
28347201
28550494
28888898
28920420
28984385
29043529
29141465
29148176
29168410
29195714
29232943
29250766
29279510
29293032
29334503
29353050
29392757
29392836
29414760
29415337
29440770
29444284
29488609
29498770
29507083
29510208
29519608
29531133
29536561
29555508
29573336
29582736
29594969
29601867
29644738
29644744
29673497
29685946
29685947
29689000
29691371
29692890
29709385
29715342
29716854
29718891
29724084
29738262
29755012
29765934
29768373
29798689
29844726
29863231
29876742
29892167
29898010
29908580
29937554
30003734
30082578
30112312
30148918
30148923
30228726
33636820
29853863
29723912
29751550
29635476
29734656
29740203
29867933
29867978
29868487
29746831
29867829
29868503
29428241
29746564
29751628
29409302
29409307
29724089
29764950
29770171
29929267
29774087
29774218
29593097
29776416
29783620
29796347
29722342
29913468
29942354
29708738
29789574
29951318
29872276
29875738
29872332
29774929
29774942
29844987
29802708
29853734
29813089
31865291
31865296
28765474
28860351
28895681
28964908
28989064
29103130
29110085
29178198
29305814
29353412
29355664
29361173
29436014
29444465
29452293
29453508
29454568
29471116
29481383
29481961
29494918
29498154
29498759
29520881
29520884
29524597
29528162
29537130
29540312
29546646
29563612
29566160
29572102
29582503
29582532
29596646
29599181
29600416
29600417
29600573
29611052
29635869
29644785
29653723
29655196
29656498
29656725
29658052
29659170
29660522
29663581
29665437
29675800
29688095
29691237
29696729
29696734
29696736
