27536026
27549421
27556101
27560917
27592574
27592583
27629844
27630835
27648050
27651814
27661271
27679942
27698967
27698970
27698972
27751367
27759772
27759774
27759776
27821031
27821034
28471561
29201737
29201738
29201739
29201740
27679701
28852720
27259995
27314129
27323394
27384186
27462162
27433095
30050336
27409642
27476707
27259265
27411834
27412620
26347514
27056952
27114421
27655809
27351285
30023042
27454254
27441568
27441820
27441821
27468215
27445265
27448107
27454429
27504109
27460100
27460211
27507968
27468353
27467818
27053514
27545208
26108882
26395982
26470999
26578453
26612250
26612407
26621567
26667121
26667241
26729016
26774006
26804479
26817518
26825980
26842925
26863876
26923948
27023915
27048452
27057685
27077767
27090996
27105670
27107097
27125972
27129469
27149022
27164502
27177460
27185078
27185786
27193890
27209195
27211882
27222587
27225266
27234271
27245408
27257049
27259702
27265143
27265677
27280384
27283429
27284401
27296306
27315565
27345177
27351245
27368458
27368473
27377440
27388014
27388800
27427984
27441864
27446385
27461830
27466521
27478335
27495029
27523452
27536365
27567957
27608906
27694084
27713814
27807552
27914159
28471587
28920352
30562425
30562437
27807558
27384260
27602242
27547005
27395835
27499105
27503600
27512393
27683646
27504980
27507612
27511758
27512409
27520775
27570417
27570419
27190191
27574520
27574563
27574567
27531909
27532494
27534956
27537185
27597945
27331412
27384681
27421133
27509059
27554214
27554215
27558202
27571061
27573193
27576439
27576901
27621611
26351213
26669590
26731378
26750117
26765977
26830396
26840528
26850225
26850363
26918709
26935876
26946164
26979068
27073072
27083518
27094759
27167452
27218799
27241906
27269177
27296587
27301340
27304198
27320723
27324311
27342370
27342954
27346378
27357065
27363687
27364547
27382020
27382024
27407291
27416750
27432383
27447281
27449117
27456483
27457918
27464849
27466800
27469367
27470177
27475692
27482886
27500385
27518195
27530837
27531186
27531531
27531532
27531533
27531534
27531535
27531536
27531537
27531539
27531540
27531541
27531542
27546840
27546848
27564724
27582888
27586980
27586987
27594194
27596198
27603362
27604361
27604795
27606919
27609228
27629690
27633033
27649669
27652306
27658162
27665525
27671508
27678323
27678324
27684792
27689190
27689208
27698543
27698544
27722144
27722154
27729842
27730803
27748322
27752392
27752495
27761418
27766298
27782887
27800139
27888863
27917200
27982335
27990460
27997086
28649559
30034762
27369071
27374029
27588679
27590005
27706703
27595566
27603101
29798454
27609718
27656172
27672275
27672279
27524377
27667993
27685162
27626940
27114412
27114423
27301616
27432830
27450718
27563015
27609271
27634541
27672424
27695448
27703556
27725852
27668074
27706745
27652174
27733228
27657039
27672287
27669321
27722150
27605059
27688656
27766167
27746772
24004484
25070282
25873443
26269142
26358218
26474925
26566630
26763943
26807555
26807668
26809022
26817586
26822340
26846116
26872890
26876927
26910614
26913755
26915731
26945693
26995689
27023051
27061444
27074721
27156692
27225283
27309820
27317852
27317997
27318698
27338132
27342548
27355861
27364118
27364119
27375208
27427280
27444313
27452640
27452983
27454012
27480449
27492194
27494090
27506212
27534444
27534801
27543684
27544325
27568203
27577845
27586694
27590563
27590693
27592063
27613723
27614509
27621151
27633357
27661205
27694866
27706448
27706449
27706450
27711944
27721244
27723904
27723909
27733911
27743904
27747283
27750336
27759625
27764998
27775795
27798873
27843960
27884380
27891343
27893207
27895864
27904862
27917621
27922429
27999644
28064294
28143992
28855923
28974965
29922665
29922666
29922667
30023224
27681974
27556187
27716077
27785038
27706195
27785051
27711177
27436239
27723762
27765133
27777899
27528223
27602578
27729513
27729029
27736910
27784977
27830002
27748756
27748768
27752153
27756217
27756255
27756386
27041578
27470658
27764171
27768879
27813598
27822455
27655701
27780940
27780942
27435540
27801837
27833379
27833394
27798561
25923229
26338825
26455913
26733449
27025351
27084668
27129734
27179559
27189958
27217241
27325222
27337594
27381266
27406731
27425773
27442585
27451940
27535356
27544389
27576507
27580605
27580846
27593864
27604221
27614124
27623934
27624279
27630248
27649788
27659671
27662226
27666510
27693055
27697915
27701149
27717520
27726301
27728851
27741173
27742049
27758771
27800536
27803738
27803739
27807738
27807739
27809451
27812079
27830066
27834106
27852385
27858920
27865295
27895391
27895737
28008826
28033692
28133161
28138371
28164669
28191328
28201757
29328644
29634191
27550181
27709753
27806126
28163743
27396348
27605666
27634044
27809767
27867688
27819260
27819267
27895408
27821049
27825331
27833662
27877163
27825371
27825384
27832202
27834907
27891114
27769561
27769562
27458180
27569216
27573593
27590821
27784841
27895975
27895976
28292122
27851820
27854353
28138539
27891051
27891056
27720988
27869178
27870886
27920769
27921009
27886029
27871161
27871162
28100991
27894662
27892538
27893763
27894275
27956795
27956803
27856757
26689404
26808296
26842795
26878242
26934862
26935014
26935145
26953526
26991758
26991862
27004488
27006167
27006283
27027827
27060292
27060717
27061229
27061611
27061753
27080820
27088632
27098759
27157617
27160432
27172105
27172813
27191536
27214853
27237135
27282400
27307072
27334646
27342080
27370181
27464701
27466321
27514776
27538697
27569724
27574809
27599152
27603552
27612532
27620719
27624552
27642107
27646988
27650947
27670603
27686341
27687850
27716738
27718441
27743162
27748858
27750091
27788611
27796766
27804306
27807311
27825478
27829950
27859138
27874013
27888458
27898166
27903713
27904456
27906990
27930533
27935824
27938786
27940463
27977071
27977613
27980859
27994199
28078126
28120588
28125872
28149841
28191542
28224026
28224027
28224028
28230023
28408993
28462125
29045091
29989723
27777002
29741846
27265836
27546709
27729612
27922023
27923069
27994474
27931194
27931258
27982354
27936058
27936223
27699905
27835575
27960340
28028359
27640087
28018296
28018334
27982106
27992489
27988924
27998858
28058025
28058029
27866909
28002963
28009253
28155718
28082808
28082817
28036381
28051279
26774110
26782287
26792292
26938501
27143303
27206927
27223686
27282926
27422801
27430937
27501017
27561759
27586816
27641510
27647631
27665274
27677953
27689684
27695973
27697589
27701380
27707777
27709595
27722959
27727140
27747374
27757838
27784575
27795352
27843062
27848071
27862104
27862565
27864644
27899015
27899016
27914073
27914074
27914768
27930268
27936979
27941964
27986823
27990837
27991853
27999143
28007678
28011701
28026906
28031123
28031716
28050219
28052279
28053856
28056333
28070097
28072642
28072728
28079245
28087613
28095729
28096693
28115360
28124147
28124148
28124149
28124150
28124151
28124152
28124153
28124154
28124155
28124156
28124157
28124158
28124159
28124160
28128735
28133477
28138399
28154271
28155809
28161707
28163290
28176666
28182092
28194178
28225957
28240008
28240510
28243049
28260713
28288471
28316764
28321054
28321089
28337217
28337237
28337865
28337902
28349044
28355604
28380174
28386286
28393827
28397430
28400819
28404012
28408943
28413197
28421114
28441654
28473901
28480404
28489837
28514409
28521319
28539935
28546954
28555193
28561674
28561675
28564642
28566587
28571035
28596787
28598683
28600762
28600766
28603105
28625138
28638837
28655973
28655974
28655977
28655978
28656129
28659975
28662503
28674348
28680333
28690637
28699830
28700998
28702103
28702966
28717077
28725170
28730251
28730262
28744336
28768250
28781283
28787719
28791044
28803254
28814259
28883273
28883831
28914844
28914849
28946145
28978878
28978882
29021509
29052128
29052138
29109341
29109345
29109348
29118570
29131124
29138530
29138645
29151783
29159181
29171479
29181022
29199594
29201765
29201766
29201769
29213165
29226140
29250658
29256351
29258111
29270198
29317866
29349089
29364094
29364096
29376072
29379228
29391865
29392126
29396923
29411764
29431063
29511465
29511475
29511484
29536354
29536355
29536360
29556646
29560365
29799711
30079692
30179397
30179399
30179400
30179401
30179403
30179404
30179405
30179407
30179408
30299056
30299058
30299071
30311764
30695426
28045079
28045966
28049424
28049442
28097121
28054971
28054994
28056089
27764940
27916266
28104980
28067243
28068908
28703536
27864293
28026178
27282269
27522014
27799325
28090080
28029645
28144230
28144585
28703514
28054779
28103315
28091405
28106125
28107506
28109257
28210089
28112213
28114371
28009985
28036260
27830853
28130551
28125638
28128333
28458704
28216974
28141589
28234622
28030825
28096401
28168109
30943179
26508508
26947589
27056876
27196601
27213463
27220894
27258354
27265879
27277215
27282442
27302665
27334226
27373488
27400262
27400382
27411077
27438510
27571792
27611887
27652682
27676456
27756099
27759938
27771779
27783218
27793655
27803027
27803078
27806639
27810400
27820723
27824431
27832037
27849173
27863356
27863951
27865932
27873317
27905157
27913793
27919112
