32505653
32495143
32482139
32476044
32469432
32468503
32406218
32394165
32356024
32354289
32335802
32290755
32224002
32219508
32167605
32078196
31980446
31904681
31823477
33425137
33061960
33007899
33005113
32929427
32880391
32856455
33062796
32993565
32998241
32985578
32992661
32992624
32993186
32993151
32993069
32969362
33062714
33029495
33029198
32973302
33005792
32977477
32966303
33072061
32971981
32963075
32963006
32994693
32983742
32967285
32958842
32961972
32961949
32957336
32786356
32633752
33043003
32994860
32994858
32936088
33041831
33014185
32982332
32937132
32934079
32926814
32926811
32921639
32921637
32921018
32622054
31887809
31693853
32982115
32932580
32925719
32915799
33013895
32982374
32927747
32982422
32919416
32916937
32908188
32982372
32901043
32898138
32892576
32892562
32689914
32561904
32964074
32952348
32769489
32569674
35516518
33346462
33346458
32899442
32883994
32876048
32449430
32362221
33402994
33402993
33283766
33179619
33169600
33145325
33132603
33094958
33094954
33062627
33031697
32968412
32952551
32941073
32921010
32918354
32918353
32918351
32918350
32918349
32918348
32918347
32918346
32918344
32918343
32914214
32908209
32900223
32895821
32892642
32883715
32879595
32863223
32862837
32852836
32835399
32835397
32809087
32787348
32778248
32740165
32732810
32729154
32724031
32700088
32668999
32666705
32663624
32657791
32613386
32603822
32596826
32595210
32593967
32590188
32576512
32562830
32543787
32541244
32504323
32488332
32473251
32472262
32448734
32434114
32410092
32364520
32181516
32090375
32083327
32067260
31974133
31940546
31897734
31880339
31857433
31822580
31651570
31605288
31257067
32968289
32934960
32881429
32878302
32878081
32867754
32652219
32908495
32874206
32872465
32861308
32921961
32921959
32921954
32872117
32871948
32859247
32843556
32829598
32838743
32676596
31711208
32974219
32820150
32819298
33304938
33195974
32832762
32817102
32811503
33163887
32824501
32808510
32799812
32590067
32389950
32874062
32795257
32855749
32855646
32823586
32850910
32791809
32791808
32791807
32791803
32785151
32785101
32785064
32769862
32518160
32781586
32762641
32761410
32634127
32758174
32818155
32363752
35117829
33061234
32954850
32954842
32953737
32905382
32856875
32845989
32843976
32794482
32782940
32768046
32752161
32737256
32687255
32626984
32590507
32572870
32570193
32548895
32538140
32537704
32533599
32515529
32510247
32500760
32476197
32474200
32468682
32463354
32458524
32453910
32451226
32447242
32428388
32428369
32426894
32422370
32410350
32395907
32392372
32368846
32358686
32353579
32352203
32349029
32333822
32329328
32314519
32314468
32285569
32281451
32181952
32179147
32157662
32108380
32101078
31970662
31930581
31776861
31745972
31728790
31651573
31622031
31529089
31404667
30600691
33110448
32849359
32821287
32802048
32766019
32801832
32751557
32751474
32751300
32727394
32821078
32821071
32801841
32731455
32719326
33072639
32719470
32775373
32802507
32793510
32793480
32775468
32774917
32722296
32722268
32722134
32842452
32717826
32703253
32699242
32708292
32692784
32641510
32715122
32689949
32904076
32765461
32702906
32708761
32708696
32679742
31533397
32774061
32627538
32661418
32765194
32695610
32754140
32670416
32651394
32650737
32921764
32849324
32660136
32647173
32733872
32724295
32650535
32610385
32742135
32742133
32733423
32655699
32445464
32753910
32695157
32640578
32640566
32631443
32628791
32515970
32695813
32714559
32636937
32635179
31955643
32714389
32669867
32615958
35117790
33692655
33342847
33181808
33094584
33094583
33078727
33062224
32897221
32848306
32844810
32821353
32801475
32801465
32793719
32764211
32764207
32753880
32723771
32711444
32711439
32704260
32695654
32675974
32620642
32618676
32612120
32538894
32474810
32464699
32461054
32447233
32417710
32410515
32400092
32399588
32363738
32356261
32346986
32342422
32332031
32314688
32306470
32276153
32259519
32234299
32194115
32170476
32169428
32125555
32118318
32086651
32030613
32028286
32002588
31984532
31953982
31909646
31863621
31812771
31765047
31749138
31734951
31714387
31599376
32984103
32695120
32655275
32617077
32616125
32605987
32601479
32655268
32593304
33102384
32607320
32630599
32581203
32676034
32599898
32599828
32733396
32636927
32151117
32572109
32571272
32575671
35517367
32575584
32575504
32575493
32570907
32570864
32486636
32606896
32606607
32034405
31873718
32560179
32546214
32539507
32365359
33062780
32549275
32542467
32188818
32188803
32545889
32545856
32391824
32545826
32545795
32541501
32533032
32545395
32545318
32527326
32312521
32279998
32577282
32531970
32523043
32582201
32550041
32518315
32814754
32511269
32626529
32642376
32548147
32566649
32452892
32497129
35692608
34434390
33488179
32730516
32690817
32690816
32690815
32688621
32655730
32627502
32607351
32592356
32589229
32568476
32568285
32555115
32550173
32515242
32514464
32514455
32514445
32493095
32490162
32478348
32477900
32470257
32469181
32445529
32445521
32445520
32424925
32380890
32373495
32372471
32355093
32354596
32346446
32327365
32307597
32295740
32289855
32286927
32274667
32272820
32267274
32253018
32237105
32222845
32207209
32201262
32175626
32173974
32147867
32141173
32126431
32098568
32096015
32022573
31916648
31915235
31900002
31898324
31885119
31783428
31750765
31673902
31659615
31308482
31197506
31186295
31113849
30318949
32486473
32171823
32486097
32547126
32523315
32459943
32459942
32459941
32459940
32471292
32457404
32466223
32448186
32448131
32547162
32481329
31987596
32789139
32284370
32205402
32598700
32508757
32430470
32423384
32509853
32509364
32461789
32461785
32429263
31547640
31376284
32477927
32435278
32494172
32440373
32454839
32403331
32457731
32410882
32164943
32370201
32951444
32862593
32677810
32588830
32509562
32494563
32483545
32476313
32462953
32458649
32412856
32393934
32382243
32382241
32370472
32370005
32367563
32356953
32350444
32348007
32338786
32285140
32269628
32257186
32250343
32250340
32243333
32198795
32193857
32174134
32168132
32162356
32151873
32144534
32143126
32124432
32097666
32033828
32032583
32025816
32001553
31983458
31953067
31945366
31922977
31851093
31830776
31679177
31594440
31593768
31524650
31512035
31411765
31352090
31336199
30234501
32365934
32354968
32354967
32235032
32109493
32365520
32350392
32879061
32385030
32598726
32598712
32368537
32344895
32334539
32411581
32340212
32340207
32324737
35493653
32321502
32320435
31812997
31140554
32351296
32351290
32326163
32317745
32316990
32316932
32071054
32316294
32300197
32355546
32346304
32318117
32145011
31254479
32294401
32286276
32240600
32351553
32295066
32281316
32283700
32271765
32458603
32322255
32363035
32272678
32328138
32328098
32268527
32260540
32260414
32280567
31855786
35117679
32775369
32626563
32609157
32603043
32603042
32583993
32523916
32509926
32499918
32471533
32436176
32431799
32372188
32356850
32334478
32332662
32332633
32308938
32294750
32285527
32256802
32244717
32242461
32204961
32199598
32185892
32181324
32133681
32133670
32129675
32123313
32100708
32100684
32094057
32089413
32088936
32088934
32074664
32074663
32068266
32067423
32057175
32034307
32017451
32014717
32007716
32006638
31990065
31958193
31954595
31897816
31891782
31883009
31880001
31836529
31811561
31788864
31774610
31759863
31758571
31733007
31713151
31677184
31642532
31443928
31305279
31272525
31229990
31076315
31073799
30400679
32337895
32235091
32235601
32308716
32386028
32231118
32309428
32230910
32230726
31980170
32337132
32218315
31996442
31923670
32266280
32209055
32203539
32139315
32197614
32192466
32280698
32266203
32197498
32256476
32184393
32174233
32188132
32152211
32205991
32257046
32183165
32183130
32176750
32170208
32163505
32160805
32231466
32206186
32164177
32187941
32151084
32143312
32131741
32256566
32195175
32184641
32122390
31975428
32877065
32394911
32343235
32343234
32343232
32295934
32295933
32295932
32274381
32269981
32224538
32213076
32206155
32179046
32176059
32162860
32147981
32140556
32127732
32118532
32114387
32100736
32100714
32088163
32056247
32040665
32034031
32017453
31993205
31971064
31960983
31934941
31933468
31923389
31919513
31912576
31909785
31904095
31902137
31899705
31897888
31853593
31838548
31837482
31822448
31820091
31810793
31802207
31759110
31756376
31732986
31667586
31663671
31587510
31567602
31520459
31498430
31492310
31441961
31398276
31368581
31362118
31290178
31246112
31211651
31101690
30994520
30829904
30595350
30488287
32146450
31838800
32184817
32112810
32110918
32022543
32102381
31801839
32098350
32153551
32149048
32153392
32093228
32080167
31996394
32149129
32070394
32175060
32079208
31876113
32074497
32069975
32061915
32054871
32054443
32117120
32043369
32104172
32050614
32041667
32030921
31606535
32046317
32089624
31913385
32041355
32033301
32022492
32019616
31929363
31876406
32116685
32019805
31964836
32028744
32012205
35117413
34308385
34035704
32352605
32253703
32166670
32118778
32102507
32093599
32055699
32055697
32035529
32032128
32028847
32028400
32025551
32015267
32011229
32010741
