25882847
26020926
25901416
26182641
26019165
25965978
27965798
26000789
26008700
25992778
25988472
25988470
25988469
25981746
25978198
25922408
25922407
25922405
25922404
25922403
25922402
25922401
25922400
25922399
25922397
26548249
25970622
26015913
26078735
26043424
26043423
26043422
25954111
25949845
25983298
25942722
25938997
25938992
25938806
31048951
28989415
26203580
26125573
25998434
25965986
25952050
25952045
25951403
25942309
25932438
25903509
25895936
25880349
25769243
25752201
25747146
25730198
25728808
25720550
25716449
25700631
25698658
25691641
25659185
25655385
25652311
25649534
25649385
25617073
25616552
25576774
25533745
25499664
25466592
25445566
25193538
25143342
24408036
25923527
25922949
25915544
25906284
25905797
25899507
25903783
25612858
25886133
25885671
25885020
25875262
25875259
25881527
25381448
27025619
25887756
25861057
25666619
25858846
25627751
25922669
25847682
25884644
25725153
25836262
26445624
26380334
26259303
26204547
26154556
26116599
26112840
25984339
25931997
25879082
25876260
25866002
25853204
25851728
25848925
25838133
25834008
25823766
25812640
25812639
25812638
25812637
25782902
25782900
25782899
25782891
25762794
25745878
25743476
25737062
25721381
25719855
25719853
25711690
25705994
25704256
25703532
25697059
25690876
25687359
25687205
25665174
25658059
25653402
25646759
25638358
25631804
25626957
25626326
25623897
25622943
25586932
25576237
25571851
25538165
25510171
25481659
25475288
25473028
25471195
25421216
25419679
25399934
25327211
25058469
24375999
24064285
25825673
25834343
25058685
25814591
25805733
25801974
25698490
25881288
25888351
25775463
25552581
25552580
25477426
25422389
25614625
25788254
25748188
25467148
25767404
26462279
26827404
26247072
26165021
26058244
25962241
25897455
25823452
25822430
25805164
25798243
25760704
25743538
25732416
25728150
25728149
25721003
25707891
25701178
25695178
25695169
25695168
25685657
25677709
25677708
25677707
25677706
25677705
25658573
25658533
25627981
25620018
25599421
25596117
25595929
25595843
25595842
25595713
25588652
25588621
25582647
25582646
25582645
25582644
25581825
25573676
25573675
25573674
25567105
25557771
25556694
25554468
25547793
25547352
25534943
25534938
25534738
25534727
25534724
25534722
25527559
25520452
25512308
25483272
25454597
25452039
25371488
25301221
25262461
25247582
25078609
24687436
25780339
25714160
25880933
25714717
25714712
25709718
25707002
25699487
25619932
25688788
25688787
25679978
25675341
25916780
25663146
26034755
25648517
26442177
25656667
25651057
25599642
25497110
25651995
25510439
25431322
25900952
25895282
25859452
25689657
25689243
25659396
25658560
25643269
25633006
25633002
25632995
25632994
25627208
25623242
25619268
25599941
25575770
25563215
25551308
25547119
25543910
25534117
25529577
25512411
25511192
25501487
25500493
25499549
25488337
25486992
25480881
25461573
25460611
25460566
25451052
25445201
25428159
25423448
25411174
25404023
25402213
25344419
25316022
25245958
25242213
25242196
25240292
25139122
25112595
25110874
25036923
25036411
24975936
24875330
24828871
24341410
23862575
23726464
23648369
25636331
26734367
25626905
25626036
25623485
25602496
25585729
25513708
25597743
25596288
26571773
25337874
25574083
25574076
25371968
25367771
25572505
25565200
26242530
25440554
32226323
28989399
28989398
28713874
28197469
27344870
27139349
27099570
27019915
26817477
26682082
26625689
26543854
26536049
26519848
26496433
26491580
26488281
26439907
26420467
26414076
26397161
26368795
26346585
26339625
26328639
26289601
26233089
26199771
26189489
26145180
26101522
26090486
26084070
26084069
26073250
26067816
26065325
26050479
26048022
26036797
26031307
25970947
25945268
25901890
25877477
25862445
25862051
25845866
25842418
25821807
25805532
25798151
25755885
25734010
25726459
25691847
25684800
25672348
25660175
25652750
25652749
25637897
25636938
25636927
25636924
25627769
25627760
25619884
25603999
25603325
25603324
25598331
25595110
25587656
25580765
25577013
25574637
25574116
25567038
25564129
25546336
25545404
25537687
25511771
25511770
25497389
25489690
25483533
25480022
25479065
25477061
25443502
25426981
25424663
25423877
25408315
25407220
25394235
25393584
25392364
25392360
25385797
25385229
25385112
25385106
25355279
25326297
25312952
25304646
25298274
25274056
25265462
25261419
25199038
25190720
25179510
25162365
25151204
25150914
25061002
25060801
25052150
24951860
24889895
24766526
24679445
24492311
25631588
25540356
25540023
25548477
25519862
25415469
25501371
25492752
25498344
25498340
25467326
25384647
25549239
25493020
25531703
25471926
25470698
31214470
26625453
25734168
25679927
25679920
25629148
25599772
25599768
25587523
25532010
25505015
25496277
25474284
25466443
25465267
25462186
25455988
25455970
25449250
25447200
25441017
25440127
25440118
25439277
25439276
25429083
25425612
25424419
25419780
25401722
25387676
25366338
25359442
25348740
25307949
25305151
25301712
25300750
25298160
25294795
25275005
25271804
25268634
25267665
25263534
25243327
25242197
25242055
25230329
25228227
25225246
25223264
25222656
25220421
25219941
25208106
25205503
25185685
25183400
25152228
25150212
25132579
25129565
25108272
25106113
25102472
25091308
25079669
25079668
25055190
25041274
25040463
25015433
24998482
24993152
24956433
24951848
24853835
24824419
24503331
24290345
23978490
25430511
25305382
25425433
26982537
25426290
25420512
25517613
25402404
25349243
25170052
25419149
25411691
25525784
25381663
29769901
25386066
25372033
25369506
25322359
27025757
25343746
25344853
27202489
27202484
27202478
27202472
27202459
27202426
27201895
27200779
26461653
25444265
25441599
25369045
25368819
25333446
25333439
25333438
25333435
25311602
25307680
25291429
25291136
25274397
25274332
25274251
25274035
25273614
25273480
25264128
25245597
25241189
25230938
25230602
25190355
25187603
25182650
25175741
25164587
25145894
25139684
25127156
25122866
25122859
25112692
25102908
25096079
25074856
25068418
25023578
25012255
24984276
24973552
24970104
24969143
24905543
24898616
24894547
24876118
24876113
24853539
24823282
24768812
24681079
24674056
23753240
25360662
25356041
25347821
25073040
25404529
25343667
25340750
25367575
25367566
25315994
25279431
25261548
24982035
25316698
25419466
25168290
25339943
25289678
25275625
26288602
26288096
25567310
25417388
25374496
25374490
25371529
25340496
25340415
25331573
25316477
25314344
25287091
25287090
25284189
25278571
25278414
25278404
25278388
25271724
25269079
25264661
25250596
25239720
25239316
25239315
25222903
25222888
25215463
25203194
25203189
25203175
25203174
25168489
25158030
25151556
25151554
25149599
25148937
25147238
25135277
25130165
25129314
25126976
25100818
25091840
25085482
25069979
25059277
25047848
25046331
25040545
25036699
25032717
25024365
25022586
25022581
25012877
25008007
25001105
24983203
24979732
24976424
24973628
24956017
24914822
24872335
24820293
24816303
24813402
24810967
24766614
24681081
24618362
24571683
24332712
25285265
25267108
25259528
25250957
25247783
25247417
25253977
24814091
25197057
25251230
25223337
25222120
25151480
24917658
24683195
27350964
24919149
25207831
25203557
25206277
25198129
25186155
25181951
29702813
28989383
26625381
25734139
25734120
25734117
25532244
25376069
25361022
25350805
25340226
25312190
25294262
25267968
25258234
25229371
25220232
25203410
25197879
25197866
25188802
25188795
25188628
25188627
25187891
25178451
25161018
25161016
25154690
25151342
25140945
25109301
25105965
25067805
25066118
25064782
25064460
25054021
25048412
25039269
25031446
25027069
25019289
25015315
25014180
25009047
24996516
24982306
24979408
24958803
24958798
24946087
24936597
24930867
24929733
24913174
24910370
24898525
24895841
24862310
24832238
24828432
24816211
24792871
24788321
24788027
24781004
24590337
24529606
24475890
24450741
24440934
24440222
24031081
22990077
25183427
25170963
25170836
25165815
25162622
25161187
25157757
25113970
24361148
25095957
25133043
24894133
26104199
25735121
25485054
25327204
25156678
25146932
25105383
25086091
25082995
25064318
25044362
25038491
25026629
25026622
25026621
25016084
25008231
25001255
24979683
24960532
24957805
24944124
24942955
24935617
24927151
24915901
24913157
24907488
24902610
24893981
24890599
24890583
24883147
24867962
24848084
24825534
24813820
24811116
24799338
24799326
24799325
24797031
24796803
24788662
24785235
24785232
24780765
24768986
24674763
24627239
24603103
24595407
24577353
24550179
24374512
24365449
24290036
24274687
24252599
24132675
25147642
25052676
27025750
25058163
25057871
25054784
25083071
25045987
26734278
25029374
24935925
24755858
24482399
25105060
25006233
25309515
25095570
24989059
24988418
28989372
26042318
25477583
25420285
25311465
25229284
25157528
25152941
25142476
25128359
25116712
25076434
25045999
25026005
25006989
25004975
25004969
24992442
24989099
24989097
24989088
24982288
24954329
24951305
24944791
24915231
24915227
24915226
24903143
24890442
24853095
24837414
24832591
24816601
24815305
24814671
24807468
