27891552
27876399
27847127
27825674
27562801
27329502
26927818
25201532
28355266
28417069
28401147
28349972
28349941
28347318
28361680
28360993
28346491
28345530
28323808
28337044
28335725
28332614
28274126
28301676
28350900
28318210
28274985
28288567
33465933
28348980
29266909
28321156
28132783
28331803
28321210
28262711
27808595
29533568
28258232
28257555
28257438
30566798
30566777
28956005
28467592
28401056
28361065
28357980
28353450
28341262
28289858
28275681
28272217
28262046
28258934
28257541
28254251
28221246
28178052
28174419
28164853
28164849
28145650
28140454
28134674
28131326
28130652
28119311
28111286
28081922
28077697
28073117
28052855
28031436
28029400
27993853
27974547
27964924
27938986
27923419
27910000
27908697
27879485
27866880
27866755
27866475
27860399
27813268
27730251
27650918
27521583
27486061
27306279
27290694
27257843
28267142
28104287
29967870
28209199
28207828
28239451
28217744
28199401
28172613
28060753
28480289
28480257
28271042
28187144
28178770
28223733
28516125
28155914
27870984
28235226
28210531
28209699
28209679
28189956
28182338
28154388
28145453
28131442
28116471
28115504
28110780
28095947
28093134
28079620
28055069
28027991
28011612
28011611
27999027
27997854
27990723
27965048
27943501
27943498
27927930
27927866
27922852
27895012
27876339
27871997
27856724
27852676
27825596
27825595
27821198
27817758
27806170
27798214
27789069
27780483
27776824
27737913
27718071
27566831
27505006
27283067
26974758
25648668
27923699
28125667
28125650
28121509
28121498
28091625
28105618
28527248
27817939
28480267
28103289
28217763
28163908
28096487
28096320
27986664
28123380
28081445
28075419
28060888
28057659
27999831
28153974
27973989
31105805
30821948
30766228
30168677
29549638
29422915
29292983
29181956
29161712
29109735
29098156
29076444
29050666
28935109
28889309
28872285
28871718
28757875
28747822
28559695
28484490
28480242
28399189
28376573
28348903
28333608
28316441
28293151
28249284
28163966
28147377
28147375
28134687
28134686
28130951
28121597
28119780
28085732
28084885
28084880
28084877
28078087
28077203
28077201
28070336
28065332
28042242
28033143
28031443
28027197
28007052
27995486
27987135
27978522
27965514
27922269
27906466
27891639
27888332
27861129
27856521
27834066
27826877
27815923
27809338
27807147
27790736
27783928
27780492
27771207
27766987
27760583
27745559
27745553
27707993
27707423
27696234
27696233
27659735
27625418
27615716
27614757
27613488
27578027
27556286
27520322
27380268
27380267
27311697
27302972
28060332
28025502
28119938
28058011
28003551
28003550
28002482
28066726
27999162
27823794
27333161
27276212
28018325
27855313
27697372
27682070
27143131
28348742
28028357
27981237
27966110
27964731
27959982
27911804
27966414
27942025
28060346
28292167
27923021
27750420
27918428
27758867
27703012
28955942
28340959
28234177
28231889
28195066
28057949
28042926
28028434
28003473
27990343
27980686
27942384
27908435
27905086
27890057
27864194
27862113
27861794
27839939
27826138
27817172
27810332
27796474
27793509
27785569
27770261
27753689
27751937
27725230
27723860
27712927
27699965
27693863
27693543
27693000
27692785
27691986
27685937
27677811
27666285
27660089
27647869
27645403
27645304
27638350
27619835
27619507
27602596
27599690
27598055
27592160
27590621
27572118
27527659
27515578
27496525
27487328
27468959
27452680
27451312
27397907
27388268
27377777
27377776
27260850
27189122
27182626
27043242
26968407
26899668
26850320
27623089
27897206
27895330
27893790
27888222
27884118
27883347
28018885
27880843
27876075
27921010
27863462
27861606
27856584
27855653
27854339
27846818
27771056
27567123
27840850
27825317
27727031
27293195
29769992
29769991
27811092
29634189
28989491
28133313
28008840
27920416
27849508
27801920
27767004
27755271
27755270
27752322
27744367
27742079
27741172
27741152
27720396
27717671
27671221
27668938
27654002
27651167
27624898
27621820
27619640
27616443
27609491
27606976
27575714
27575658
27572289
27558181
27549754
27547925
27534405
27531828
27527088
27519407
27495010
27484769
27461221
27431793
27424303
27424302
27402007
27393490
27380919
27372227
27324143
27317844
27287735
27287733
27238941
27081152
26993437
26982745
26493356
26014485
27748773
27833595
27770789
28090385
27768767
27812526
27680706
27759081
27755545
27799923
27432831
27741317
27729648
27724956
27723795
27717398
27460478
28029470
27711156
27527631
27757389
27716049
28471624
28471618
28256472
28224013
28174759
28164522
28066792
27999477
27929206
27917075
27917073
27895859
27788814
27749722
27716140
27701886
27695841
27695834
27679929
27648884
27648772
27644000
27635481
27633598
27583587
27582058
27580384
27573580
27569848
27546454
27534855
27528082
27514478
27511832
27502696
27501504
27492796
27481036
27474709
27472478
27465145
27456833
27456831
27451451
27447476
27432604
27427464
27404363
27402820
27399263
27391655
27377443
27375063
27372150
27351891
27323765
27316592
27315076
27292030
27262694
27241781
27234263
27212111
27188706
27180657
27180006
27163871
27108093
27088545
27063896
27062378
27056946
26947736
26907220
26905904
26890327
26581362
26565971
26141116
27690247
27766170
27686579
27666290
27664230
27713865
27662251
27657145
27576538
27633064
27631621
27371586
27365387
27365386
27236016
27695355
27461439
27609178
28675267
27598309
27413067
27658471
27590879
27590695
28580440
28476706
28221931
27997976
27917094
27829823
27770538
27731829
27718119
27703995
27689213
27689204
27670577
27643493
27587821
27580173
27573235
27546386
27543598
27542867
27533786
27533328
27532259
27515721
27515147
27515145
27505114
27470257
27462827
27455386
27452730
27450592
27448618
27444134
27419192
27387455
27381389
27379554
27377992
27370914
27358349
27358344
27329806
27329497
27322606
27318333
27317794
27317428
27316969
27313140
27312805
27283946
27263967
27235197
27231276
27208045
27207161
27206404
27193828
27067517
26796081
26541990
26485102
26407257
26042744
25955884
27630633
27489376
28348781
27573224
27621567
27116994
27568176
27562241
27556739
27558248
27547375
27543102
27538503
27536994
27524293
27533048
27532104
27531912
27529553
27482109
27537911
27385778
27199462
27017912
27547818
27563524
27510591
27536735
27509051
27506470
27536508
30562448
27726794
27726792
27657564
27538120
27536153
27536102
27509341
27501856
27498935
27495022
27494150
27460910
27458271
27394020
27377440
27372861
27370902
27369898
27327243
27318459
27311869
27311833
27302556
27297391
27296834
27295521
27283730
27282799
27277814
27271747
27270275
27267201
27257798
27257702
27246801
27246573
27238460
27236515
27215924
27214585
27194400
27180007
27166143
27155489
27130808
27123975
27108595
27108094
27098920
27091093
27063988
26924753
26920907
26846120
26826616
26694494
26620602
26350428
26190060
25613056
27494203
27467167
27355833
27449956
27487436
27484171
27472820
27470194
27469624
27469420
27469287
27445391
27429316
27428999
27418431
27417996
27377737
27226615
27021503
26908752
26908719
27414650
27412108
27404502
27346351
27339141
27573114
27626098
27458434
27388627
27006497
27182697
27176179
30044904
27959316
27806252
27583241
27516814
27457842
27455934
27439642
27412990
27408522
27397423
27351123
27350358
27349712
27348802
27325817
27324463
27306879
27284989
27254270
27250774
27234677
27233688
27216385
27209056
27185076
27152872
27149541
27140419
27139483
27133281
27130036
27120571
27107991
27107622
27105657
27104824
27091869
27091109
27090175
27090174
27040564
27019058
27002276
26982451
26953758
26944007
26934528
26929062
26917573
26905790
26859092
26851197
26811373
26809495
26437875
26350427
25799315
25623479
27418856
27351947
27390531
27403726
27336843
27334992
27088642
27316794
27314498
27076635
27309536
27043382
27617596
27025836
27298570
27284173
27279224
27280019
27148804
27259475
27258068
27257437
27895832
27504373
27493597
27359236
27352971
27337475
27337459
27321318
27308656
27302331
27298719
27281101
27252104
27246321
27206241
27194074
27190732
27165512
27151296
27146969
27137789
27125508
27111806
27111468
27107495
27095618
27088649
27086647
27074865
27068095
27067323
27060235
27056555
27052780
27048199
27044622
27044305
27034248
27033878
27021599
27021314
27019071
27018325
27009483
27004722
27004524
27003312
27001810
26992472
26991023
26976870
26946361
26940943
26921014
26921013
26915493
26912759
26905338
26897710
26880482
26864803
26861569
26848066
26817670
26781219
26756752
26678028
26364120
26198865
26152702
30050839
27313472
27233894
27411304
27303742
27252696
27221557
27217707
27213039
27242753
27189771
27079932
27184488
27180967
27187475
27257390
27419166
27166072
27165560
27165998
27242527
27239328
27822485
27149627
27142116
27153087
27143392
27049760
26606466
27131141
27131140
27131129
27499718
27375724
27286042
27271450
27168512
27154892
27151129
27140414
27134658
27091322
27044298
27039068
27030641
26994507
26986546
26962090
26956193
26951181
26945555
26944907
26944905
26944009
26923470
26921425
26905926
26898667
26895772
26869691
26864041
26852081
26832756
26822808
26809607
26796684
26784857
26726944
26708998
