34554118
34464041
34452896
34434467
34347732
34286501
34280996
34266530
34262988
34258317
34197307
34196842
34195773
34180005
34163067
34158260
34153220
34152967
34114655
34097657
34016019
33907321
33906747
33847546
33844988
33830299
33775742
33748952
33741316
33703939
33682566
33657601
33654015
33546931
33536363
33496893
33483999
33459211
33446906
33386625
33372309
33352250
33261688
32806875
32806873
32701563
32386313
32178491
34209348
34047655
34187821
34156292
34126769
34194578
34198964
34202117
34158451
34202742
34168208
34131082
33972352
34205779
34145250
33895826
33876817
33787887
34204307
33875439
34208527
34133424
33880565
33667294
33330910
33326565
34203988
34163569
33629099
33320187
32330238
32275059
32255488
34184502
34199301
34114561
33908775
34177868
34141083
34178927
34103525
34101061
34083442
34200238
34164360
34150673
34149723
34113145
34095331
34405816
34368744
34296679
34180789
34162264
34141631
34114542
34113687
34095335
34088413
34077717
34074337
34058102
34024449
34024444
34003176
33961710
33818595
33811020
33810987
33785548
33770398
33769319
33751421
33744169
33743279
33711422
33704685
33689753
33684427
33667706
33647544
33640461
33639290
33626478
33621659
33617725
33610766
33610765
33607090
33566277
33540110
33515722
33439428
33429018
33417171
33387515
33217132
33208213
33186681
33159210
33136261
32991697
32744594
32656604
32617771
32601762
32541243
32343766
32321681
34104883
34104215
34104214
34070727
34104212
34071730
34071332
33626138
33452808
34043688
34073633
34035404
34035338
34073695
34030712
33769435
34093740
34067253
34020604
34104503
34065379
34065241
34024674
33820795
34069413
34016040
34046512
34006648
33820771
32803229
33636306
33739823
33390002
33176423
33979349
33582800
34367617
33976336
36697765
34151183
34068458
34094001
34221310
33995585
33995583
33969111
33952668
32712674
33983399
34063264
34063201
35544207
34437014
34239612
34136796
34013064
33978386
33968564
33915347
33911281
33906278
33849960
33844132
33843381
33739354
33721836
33720426
33694229
33689797
33667504
33666366
33608108
33591073
33577875
33544330
33534360
33508620
33459815
33444574
33444573
33404933
33402305
33377562
33349571
33284399
33239122
33239121
33234174
33222722
33221459
33118886
33045256
33031863
33025608
32860846
32715951
32541565
32009472
34084686
33930062
33930050
33953575
33925064
33986673
33925831
33981340
33935520
33888139
33959193
33880318
34007770
33863764
33649048
33977096
33937092
33854066
33854064
33852207
33794090
33849457
33921309
33846410
33689865
33918619
33836037
33734244
33917416
33889148
32766672
33918190
34007350
33982930
33968344
33914051
33847139
33841856
33830910
33795278
33793553
33756190
33680456
33631103
33631102
33621602
33618513
33609647
33607397
33601876
33597149
33534419
33471490
33421519
33395085
33360514
33327006
33326932
33278650
33222274
33185177
33177380
33153291
33145899
33140473
33040741
33034833
32895065
32889067
32870544
32680797
32674551
32358707
31624018
31522990
33785619
33782375
33782498
33801738
32147186
33841421
33841371
33762315
33806749
33757553
33526612
33824768
33741048
33512409
33495229
35498762
33730090
33651603
33468584
33809421
33727361
33725006
33790728
33358286
32812037
32060501
33805767
33805755
33723543
33786065
33351917
33705497
33714640
33539766
34007671
33842139
33800334
33800841
33807617
33748154
33685825
32808030
33664150
33658275
33410654
33653766
37009076
34046622
33859725
33827154
33795620
33765728
33761228
33738316
33682564
33664175
33663713
33656757
33640110
33640109
33617197
33609944
33604769
33576287
33465458
33453395
33449070
33444699
33350354
33297862
33253683
33227279
33217718
33171187
33151137
33147375
33106983
33098699
33063678
33006061
32998788
32993820
32959739
32933595
32925555
32910532
32811993
32803461
32791261
32686484
32674905
32672839
32195743
32069358
32064535
33815998
33728091
33643534
33728340
33641318
33641317
33637818
33314875
33718269
33633264
33632200
33627486
33747125
33747124
35164558
34604008
33617526
33608675
33602902
33593421
33669325
33593430
33593278
32827032
34882774
33671889
33673352
33673344
33579386
33670309
33670255
33574421
33568232
33793820
33728192
33628744
33547340
33547298
33557125
33315695
33540694
33531483
33531405
33388709
34164561
33844793
33830032
33718789
33635330
33635327
33598234
33575420
33535519
33513258
33482620
33455007
33418077
33327986
33315713
33315710
33309680
33309073
33258362
33252419
33251692
33246096
33227427
33227298
33213765
33205642
33197449
33188946
33188906
33125513
33099134
33087860
33055503
32981149
32950394
32946837
32946836
32944896
32894617
32713786
32603850
32394170
32207033
32166622
33573273
33514422
33512527
33512526
33512524
33510339
33509277
33509087
33507919
33614028
33512346
33177119
33498428
33469147
33469019
33462050
33510784
33465501
33467637
33443235
33334614
33120411
32839363
32757963
33505698
33446856
33444378
33441413
33441409
33441186
33441085
33439367
33447536
33469335
33440699
33232301
33503698
33503697
33435167
33456500
33430465
33414286
33411772
33520786
33402156
33508139
33508138
33397377
35543504
35111551
35032121
35023650
34875590
34795986
34724858
34709989
34604864
34586011
34558349
34553672
34486488
34432564
34432545
34263258
34132169
34125803
33996366
33967301
33950497
33764826
33660568
33613943
33576350
33576349
33576348
33572016
33519965
33511221
33506928
33505897
33480555
33401377
33382360
33352444
33350700
33290727
33229860
33221460
33159374
33156122
33152344
33131919
33127500
33122100
33105252
33060397
33045386
33036824
33011173
32962774
32956846
32946900
32943129
32929459
32914548
32889863
32880097
32870366
32843743
32833925
32829520
32796430
32787996
32680621
32618177
32607756
32573034
32485271
32424877
32417228
32409948
32170474
32164518
32124196
32053529
32036514
30844890
33409109
33378291
33396741
33396595
33378402
33370413
33375709
33374217
33425775
33443122
33374989
33425595
33347506
33419243
33353133
33335199
33097511
32215655
31773143
31773137
31728525
33339331
33328505
33139292
31858136
33322677
33329763
33301497
33363530
33295435
33289370
33425501
32978253
33343391
31714955
33264329
34368730
33533699
33437951
33389974
33367215
33324723
33324719
33319041
33312642
33280769
33273738
33271969
33241161
33201533
33181348
33181347
33167783
33147077
33137436
33121907
33121693
33121688
33118360
33098238
33080382
33080372
33045442
33045352
33035780
33022384
33017653
33004295
32991940
32990503
32987118
32979161
32975368
32971206
32961318
32947035
32920822
32892222
32877870
32861741
32853137
32841647
32810568
32767807
32585148
32522607
32520657
32407161
32356257
32078714
31918570
31905110
30892111
33250508
33249408
33137840
33269365
33260943
33247281
33324595
33239101
33330122
33255305
33255261
33231660
32917755
33233843
32860983
33364098
33227925
32144933
31944235
33659945
33208520
33208516
33199507
32989095
32756273
33202811
32960044
33304339
33282798
33345703
33305657
33166349
33092487
33092470
32985336
32954922
32893721
32804011
32795243
32779963
32459982
32129694
33166648
33160712
31665372
33148827
33148316
33269298
33259159
33254520
33235890
33209956
33204744
33140114
33130602
33063923
33047396
33045151
33037663
32980389
32974837
32971422
32902908
32866743
32814610
32772981
32749638
32747931
32744879
32738249
32717434
32717202
32643023
32632700
32602576
32594929
32552337
32538502
32495964
32453670
32388701
32334002
32304688
32291810
32173308
32150521
31776858
33193352
34485483
33154203
33115949
33115427
33250692
33110112
33109769
33114404
33114040
33110611
33083738
32365381
32052036
31971239
31968096
31765471
31687767
33194712
33105772
33104419
33093042
32960605
32868404
32868401
33087520
33087051
32848038
33173561
33082337
32839223
32839217
33194803
33077744
33077568
33075113
33066737
33194024
32745926
33066456
33058577
33055258
33050453
33116952
33050172
33037214
33134361
32817091
33133049
36777748
33331486
33331485
33284670
33102769
33094113
33071079
33063024
33030421
32948430
32946368
32917977
32914793
32798661
32781108
32762787
32745592
32739967
32719870
32713744
32696044
32650284
32624038
32622285
32611517
32598920
32594961
32576334
32574621
32569411
32556651
32520637
32504314
32493530
32489156
32448498
32220636
32145992
32122672
32122671
31917013
31911067
30744479
33133048
33062429
32994240
32989210
33102409
32977835
32981509
32967909
33072047
33014363
32983262
32960931
32967323
33490867
33111107
33062657
33041818
32982371
31550350
33042146
32947790
32938698
33054107
32933117
32928850
33005688
31584632
31584627
32932980
32917221
32913089
32786277
33062466
32982480
32910918
32822584
32652061
32526159
32911854
32905755
32901029
32900801
32661079
32900719
32895405
32953847
32952613
33344318
32878596
32501140
32329657
34374703
34223003
34177063
34035752
33456386
33354035
33244296
33112453
33044807
33005693
32984631
32939356
32922143
32912845
32884881
32830092
32818425
32809996
32803988
32781028
32657791
32652215
32649974
32639105
32632582
32620549
32618080
32601752
32600498
32599010
32597322
32556579
32546289
32519624
32516177
32516025
32492166
