33649111
35188097
34927495
34915961
35067241
34862749
34839756
36726986
36714122
36704560
36699325
36698844
36687615
36684930
35195240
35104606
33630458
36597497
36619987
34704277
36712476
36712473
36569098
36569149
36518884
36505948
36530877
36619751
36530685
35217092
35166198
35068404
34325761
36523835
36467633
36425405
36466927
36439832
36415217
36439220
36439215
36816160
35034676
34516460
36337933
36389774
36389156
36353639
36415735
36312948
35042668
35000023
34615561
34583800
34323212
36263391
36177387
36203814
36187462
36299836
36119637
36084051
36147861
36093337
36118584
35119124
34989311
34986664
34894035
34836663
34523387
34481951
34425925
36111240
36483417
36026500
36081500
36072952
36072579
36035185
35978650
35939437
35992160
35991191
35983323
35192148
35153189
34963322
34942348
34924229
34906626
34554365
34428535
34294185
33958010
35901096
35959370
35942219
35898289
36468073
35873420
35873148
35844586
35217192
35150876
35029328
34906718
34376271
34275058
34259969
34236019
34085622
33403565
35767545
35837474
35812376
35814712
35800258
35795588
35832621
35785189
35747234
35730804
35783419
35770172
35755849
35711332
35711246
35774395
35693730
35227896
35202792
35182899
35131507
35125203
34985688
34921002
34788691
34480588
34118466
34089134
34085620
35677311
35756051
36483418
35720363
35663607
35663882
35656199
35633677
35633701
35571557
35701033
35202891
35180037
35078721
34931328
34837014
34763560
34763559
34554023
34455808
33065311
35646244
35510091
36483373
36483335
35463939
35450386
35495679
36483433
35469152
35463889
35464962
35464954
35664229
35433508
35265730
35219837
35217150
35217149
35202793
35202770
35190978
35181536
35176806
35164896
35157991
35150435
35145219
35144885
35133888
35131699
35124522
35104667
35100052
35086768
35077947
35077809
35066151
35063600
35063599
35058129
35031155
35014136
34998912
34990815
34990814
34958948
34933207
34933206
34922145
34918458
34843959
34841918
34693838
34259076
33663290
33638730
33588443
33436112
33307184
33292915
35433499
35401433
35175750
35342296
35402324
35372103
35298520
36310782
35183028
35007139
35359708
35099182
35360652
35321078
35479587
35479586
35252669
35172603
35172601
35146046
35106888
35078005
35072915
35067382
35065968
35031256
35020499
35020481
35001483
34991969
34963635
34955437
34953368
34936925
34931096
34915050
34889019
34875405
34813872
34762545
34761356
34756180
34693624
34655745
34655535
34619068
34426944
34412953
34364760
34118321
33858546
33858538
33748913
33579720
33559317
35251308
35217634
35283831
35326759
35197334
35107319
35019780
35019676
34986318
35278295
35193638
35193609
35317277
35265530
35183259
36310778
35203691
35214776
35176123
35250952
35203860
35203854
34911367
34133889
35317317
34807726
35172185
35152901
35167897
35143465
35308754
34677583
35202151
35132844
35065768
35203809
35123434
35265432
35120305
35735277
35430177
35419106
35404894
35356634
35339730
35331400
35226084
35212478
35172363
35172356
35166655
35141464
35118227
35103795
35039954
35034290
35026167
34990816
34979271
34973432
34958834
34931374
34916136
34896836
34896553
34894543
34894542
34887357
34883390
34864551
34860333
34856509
34839238
34839237
34821423
34808546
34808391
34807264
34807240
34801705
34781095
34781002
34780914
34775173
34774670
34773906
34762768
34735024
34724447
34716545
34702774
34695277
34658366
34612703
34591223
34518317
34487591
34455662
34370377
34292496
34174400
34167879
34049374
33879502
33820578
33820576
33818323
33606139
33549868
32787629
36962261
35203786
34980687
35158960
35093158
35093104
35093016
35090351
35089243
35084969
34675143
35159245
35155283
35083969
35208740
35154018
35202297
35142129
35160018
34965093
35158575
35126320
35088703
35045605
35045228
35140882
34780262
36310802
35052993
35033198
35171828
35095921
35025959
35025906
34617558
36310812
35055571
35016207
35023946
34991700
35069488
34985651
34817920
34107037
35058900
35058787
34928280
34979975
34979898
36762215
36681514
36519690
36519447
36514447
36322039
36289064
36280324
36127941
36045589
36008672
35974881
35951774
35854629
35793402
35762500
35604764
35583739
35433161
35387936
35382170
35369600
35319337
35305720
35297473
35230889
35212949
35192433
35174368
35157277
35142159
35087734
35087732
35036247
34993258
34992297
34988249
34965174
34954046
34932418
34871192
34852400
34815774
34800281
34693912
34674000
34628418
34495400
34487914
34473013
34461212
34437950
34341839
34279819
34264401
34174174
33982220
33573407
33534012
33356437
31344009
35010698
35003814
34879149
35002278
34969099
34969208
35106241
34561709
34992678
34987624
35008521
34936648
34878288
34992590
34992586
34992584
34752587
34959595
34910727
34837818
34644269
35036227
34966759
34945118
34903253
34960888
34895166
34955836
34960199
34956242
34879104
34950117
34938744
34912583
33277995
36338459
35003976
35003975
34900067
35222857
35015951
34988246
34975254
34964852
34938988
34926847
34925261
34909555
34908523
34889135
34841315
34820598
34812719
34790963
34786553
34775130
34772488
34756150
34755587
34752901
34752229
34751791
34678515
34655733
34648177
34633633
34592472
34585799
34562233
34531136
34523327
34506930
34495497
34470697
34461273
34455573
34427801
34426042
34416312
34400244
34383624
34363511
34351046
34320416
34304696
34293211
34280173
34264501
34245901
34229970
34155333
34129249
34125660
34099421
34053203
34037477
34033616
33998128
33978391
33896381
33858553
33682630
33678554
33563561
33479861
33433814
33199130
32842879
32826190
29894437
34912322
34950432
34904045
34838016
35498065
34904088
34492105
34232990
34813626
34831456
34586890
34867859
34805436
34791402
34791401
34791400
34791399
34791398
34791397
34791396
34791395
34791394
34791393
34791392
34343321
34877256
34420495
33780547
34876784
34831638
34612173
34297842
34835068
34833562
34762827
34637781
34637780
34473822
34785915
34747358
34827295
33053174
33031501
32948875
32930705
32735653
32589701
32584956
32575126
32566936
35110057
34980308
34815646
34793686
34793295
34780936
34725358
34646011
34628171
34627059
34623758
34606654
34584560
34564017
34560509
34325466
34044173
33956520
33888164
33789964
33629931
33588621
33536099
33492532
33237387
34780357
34668727
34612686
34550001
34468187
34778108
34769888
33588433
34849313
34704776
34585964
34702217
34609164
34478486
34824934
34759910
34694239
36168449
34899254
34834415
34833003
34815833
34678063
34832848
34673840
34816088
34778169
34670520
33972996
33966076
34737974
34665847
34731146
34460287
34424751
33710111
34648594
34790489
34684136
34645798
34712683
34712220
34424036
34424035
34379099
34680813
34635067
34680810
34646361
34646358
36168461
34652093
34675903
33382398
32976567
32966574
32961549
32676661
34606540
34804275
34804271
34714336
34693621
34693388
34680776
34664371
34646906
34597343
34580445
34559710
34541475
34524199
34504566
34478588
34454094
34403994
34374931
34343672
34338715
34332070
34311078
34310932
34304433
34298152
34289768
34252477
34238831
34232137
34224741
34174401
34154439
34126062
34090885
34023223
33963926
33947987
33878506
33716096
33629521
33622425
33536105
33423705
33248681
33164145
32054402
36168487
34814167
34593648
34579805
34570752
33982069
34559136
34483022
34631732
34555154
34551037
34546300
34478272
34692326
34567271
34572894
34531488
34530913
34097471
33780544
33714998
34594315
34517942
34577887
34557546
34516580
34576818
34572675
34568098
34616650
34499698
34496836
34496003
33940591
33580957
34659541
34557498
34496241
34493214
34492699
34492076
34164674
33954428
34550112
34671694
34659461
34632406
34598414
34475744
34423760
34396124
34362543
34362541
34362536
34332265
34270184
34261379
34218431
34216115
34144096
34140459
33893759
33875209
33783664
33774103
33713592
33682192
33682170
33639249
33594513
33487182
33471591
33431099
33427531
33094453
32962772
32804686
32729015
28671914
28452915
35851159
34484424
34464376
34425703
34037708
34552699
34572617
34527627
33155639
34451512
34449745
34407120
34132582
34076506
34429622
33564820
33476379
33462596
33462586
33340038
34439034
34413901
34452466
34441390
34382433
34151964
34384521
34381153
34372951
34383708
34362442
36168455
34438998
34353287
34351229
34422678
34348956
34361115
35227359
34527093
34526200
34497251
34410904
34397951
34381844
34381251
34354432
34341193
34330867
34304819
34288307
34255395
34245087
34213510
34175104
34111549
34107499
34082120
34058377
34048922
34044101
34039877
34029702
34015452
34014385
33989224
33971317
33971274
33940167
33901657
33894444
33876405
33864273
33862203
33856727
33853698
33852115
33824046
33783420
33733382
33691378
33609052
33605457
33594745
33594506
33492661
33471163
33450103
33327970
33280624
33273413
32789783
32645451
31927106
34343122
34604594
34604593
34438975
34394042
34438963
34312355
34301322
34464040
34301192
34451391
34327111
34294848
34236200
33851215
34367119
34356802
34354962
34300098
34413741
34336670
34299978
34015115
33969419
34359501
34278311
34322122
34252073
34184680
34356986
34244557
34290677
34262829
34277467
34258130
36776647
36776641
35146329
