24798552
24798273
24789799
24775560
24759727
24759714
24752264
24751141
24748025
24733099
24715578
24711571
24700708
24687755
24685366
24633207
24582649
24481703
24286342
24224760
24073613
23753229
28580321
24972659
24821719
24966611
24939885
24935512
24932484
25408731
24865759
24865752
27417466
25073304
24916866
24914383
24908687
24903619
24898123
24897375
24905379
26038744
25141333
25135141
25061582
25025672
24949617
24947622
24940894
24915103
24905106
24896763
24896761
24896760
24887802
24878026
24869615
24854320
24840684
24837129
24837124
24837118
24837107
24815767
24810244
24799643
24799639
24797543
24795170
24768591
24768590
24762631
24755188
24746231
24727529
24727226
24726377
24720767
24719899
24715522
24708941
24705255
24704726
24704722
24696516
24692533
24691786
24690456
24682682
24682304
24671790
24664819
24664503
24657158
24656922
24652112
24633989
24633688
24607558
24582877
24552133
24530206
24523055
24504594
24484910
24449345
24352841
24074903
23804627
24936131
24711272
24875674
24841151
24662701
25734081
27212803
24885351
24817514
24803831
24803517
26176049
25668083
25356346
25223126
25137788
25089219
25059372
24937982
24891990
24868578
24822116
24792627
24790912
24773791
24773787
24768687
24751233
24746230
24742697
24724823
24709732
24709729
24697851
24641590
24641570
24623624
24623589
24621128
24604900
24604896
24599770
24590475
24583565
24560642
24554744
24550338
24509250
24503131
24499256
24457126
24412527
24318408
24218500
24188103
24178085
24172178
24114414
23773143
23294050
25577931
24737893
24808893
24843988
24759173
24755093
24855561
24692128
24739945
24734836
24344151
24287407
24713082
24778627
24707129
34860867
26183628
24976806
24932422
24926170
24878917
24868904
24819274
24783686
24743369
24698871
24698870
24693984
24688183
24679561
24679559
24674828
24661423
24649952
24649817
24647687
24630303
24590748
24579852
24559593
24535015
24532062
24477852
24473490
24464697
24452160
24445512
24398073
24365863
24362517
24356579
24344206
24327619
24324224
24320797
24320174
24273043
24168983
24060617
23769945
23735318
23598380
23320969
24670166
24662889
24656142
24643077
24669194
24641152
24641129
24695562
24141113
24628856
24467928
24983544
24650866
24620750
24625665
24567384
24598596
25350706
27873630
26624906
24960859
24855476
24799721
24691086
24689106
24689105
24651084
24641476
24637800
24636428
24603797
24603796
24602703
24587892
24587820
24581023
24572541
24524389
24521599
24509461
24434086
24406257
24399149
24395702
24390550
24372725
24372713
24352999
24332220
24315634
24231157
24218103
24188976
24184170
24183801
24178946
24131399
24128668
24118601
24106141
24081935
24048726
24586762
24568651
24586458
24565059
24586713
24586694
24558658
25095866
25095865
25095864
25095863
25095862
25095859
24596557
24596556
24284963
24382380
24362261
24523882
24469807
24507706
24934038
24729930
24516647
24499381
24342251
25719187
24757393
24730991
24702290
24598184
24528814
24506120
24485372
24478510
24478500
24478478
24478068
24476412
24458048
24442089
24442086
24440371
24433460
24430270
24379111
24368622
24354958
24343932
24321748
24317079
24310148
24300046
24300044
24300043
24300041
24296579
24290226
24287693
24287669
24269655
24267604
24267493
24213847
24184291
24184290
24178248
24152015
24148361
24134562
24132529
24107393
24090618
24068280
24044687
24035770
24003182
23979289
23839210
23780568
23758095
23565919
22921803
24485120
24498186
24475037
24311789
24482682
24624733
24624732
24447336
24275896
24291194
24422950
24360560
24401068
24401067
24401066
24051416
24498716
24416173
24400070
24388311
24388310
24388309
28989350
25999798
25951705
25848788
25848787
25842668
25789370
25668664
25598718
25580313
25580297
25564777
25548572
25516900
25500625
25483328
25476764
25424781
25401164
25391008
25366486
25251855
25227298
25224205
25214850
25185420
25156370
25097707
25045574
25004628
24995345
24991448
24986534
24876992
24856984
24840740
24838421
24810347
24809121
24791861
24741794
24706227
24695472
24695471
24695470
24683931
24674691
24667886
24640055
24637887
24633021
24627655
24592641
24567579
24525609
24525607
24524301
24516700
24516694
24514098
24481438
24479135
24463873
24445449
24422190
24410618
24403096
24396174
24394234
24388028
24381644
24342951
24339296
24336451
24335555
24334809
24334808
24334807
24334803
24334795
24334794
24334793
24334792
24334791
24334790
24328376
24328373
24308336
24300711
24290727
24285002
24277035
24277020
24275672
24275671
24271943
24257037
24257036
24253566
24247123
24241245
24236721
24236508
24226924
24197886
24183111
24180405
24176599
24172156
24166957
24165893
24153132
24145018
24140647
24136208
24113828
24106984
24051931
23993432
23983214
23935202
23927574
23887866
23521523
23470584
24393825
24373384
24421645
24336792
24376797
24501765
24358307
24334937
24379582
23999949
33007796
24490471
24490466
24399354
24369321
24366793
24338758
24328700
24311316
24309198
24300869
24296572
24284142
24266358
24225751
24225631
24225619
24166524
24166523
24154638
24145927
24140078
24120350
24119569
24111758
24108611
24108541
24103633
24091275
24088862
24076318
24053182
24050948
24048810
24046303
24046300
24041906
24012687
24011765
23994818
23978053
23974722
23907284
23850836
23838821
23825381
23771554
23770543
23715827
23707611
23696433
23616152
23608205
23602818
23587754
23560732
23403280
23332449
23296302
23184539
22249916
23642413
24307797
24470963
24283213
24303043
24303041
24303034
24298304
24278446
24282348
24278304
24256843
24255122
24247699
24629390
24244876
24072680
24259981
24236153
23842125
24265690
24265687
24167244
24244530
24244315
24308141
24147537
32288574
24974492
24759960
24553766
24553765
24437069
24413857
24357868
24229690
24199530
24192962
24192949
24188730
24176478
24151834
24129852
24113613
24113611
24100717
24096337
24060760
24055639
24055638
24045053
24039264
24035257
24025903
24018052
24011436
24007916
24007915
23985918
23974914
23966497
23939887
23939678
23932828
23899677
23875824
23871314
23870794
23850617
23839499
23820404
23811577
23809608
23766490
23735045
23702192
23696115
23686768
23660112
23452044
22530592
24187445
24833223
24101497
24016805
24298714
24146863
24139366
24126668
24705262
24151354
24119974
23932219
23932218
24130689
24116048
24090343
23998435
23995682
24510892
24098459
27785249
26815442
24719593
24461668
24298587
24278963
24273764
24259700
24191767
24170588
24160933
24145598
24136090
24124705
24124267
24112568
24112496
24094389
24094379
24093925
24091517
24083842
24083511
24064437
24064436
24064435
24064434
24060961
24060759
24056006
24034141
24018930
24018925
24018923
24018922
24018815
24012413
24011515
23995428
23992299
23982682
23982237
23982236
23982235
23979974
23966282
23954113
23953917
23946208
23940122
23940121
23931498
23928030
23926162
23916741
23913427
23903542
23897615
23897605
23891145
23890202
23888874
23881152
23881150
23877700
23876975
23876331
23866975
23851482
23838212
23834245
23800596
23800137
23797490
23790613
23788237
23783013
23777610
23746336
23714194
23709307
23546535
23542332
23517059
23479237
23294464
23220471
23218131
23211606
24079362
24072898
23769300
24066748
24066741
24086268
24084491
24039352
24069491
24052652
24034607
24058568
24040011
24065671
23897940
23973837
26038491
25411666
24831911
24579451
24080894
24070153
24070152
24063396
24029510
24012274
24011836
24008746
24005359
24005358
24001466
23986384
23958366
23950217
23931837
23929262
23917911
23916890
23911042
23910403
23900058
23899544
23892245
23889738
23888883
23876778
23873908
23867869
23861298
23857121
23851101
23850948
23848254
23837413
23836168
23834988
23824772
23812339
23804392
23804386
23804381
23796942
23794627
23788597
23788595
23784128
23776194
23771984
23759507
23759424
23751851
23741023
23723197
23722432
23722431
23699066
23699063
23698022
23668260
23658142
23657793
23647006
23632358
23620467
23598377
23594589
23584672
23579394
23566442
23558363
23558138
23558137
23518659
23518658
23518657
23507769
23507767
23477996
23475909
23453162
23449876
23262313
22760006
24023628
23990541
23990540
23664184
23597587
23983904
23982414
23981941
23836132
24126745
23947736
23946889
23946887
23929896
23922461
24955106
24578839
24427503
24175503
24137729
24133730
24049940
24041066
24020166
24020129
24007234
23977933
23943969
23912408
23910407
23910405
23896227
23879822
23869970
23863229
23858064
23858063
23852569
23846295
23838235
23838226
23831282
23806895
23782343
23772070
23772065
23770542
23764416
23743816
23732113
23731555
23728809
23727391
23716610
23704121
23690404
23689716
23685092
23685029
23683070
23669309
23663129
23661797
23659563
23658435
23658434
23645850
23645849
23644034
23642791
23639987
23624068
23611644
23607860
23603384
23603249
23591100
23563740
23557928
23541855
23525735
23443474
23433360
23337482
23336347
23922820
23876616
23936050
23888435
23894609
23883438
23883171
23780507
23778358
23865596
23870270
23865713
23856364
23849267
23795894
23844234
24421808
24073554
24059125
24059120
23971935
23967542
23943984
23927671
23919230
23906566
23901614
