29274467
29269237
29257783
29246842
29226561
29221987
29218569
29205415
29193458
29177477
29169816
29157930
29152678
29150513
29149266
29139189
29120481
29116880
29103637
29102205
29097028
29096992
29092040
29077920
29074149
29061499
28974364
28960692
28958443
28882627
28844154
28827186
28797590
28750918
28736259
28730697
28686001
28666780
28642147
28009682
27984397
31628829
29385143
29441053
29186529
29374489
29373980
29374636
29371361
29404338
29403466
29180448
29403263
29361091
29349705
29310122
29106516
29020225
29020222
29387044
29339424
29332941
29329346
29043783
29545957
29359185
29321041
29376034
29359195
30800865
29311546
29190320
29020255
29020157
29140433
29136200
28968708
28968660
29298322
29291715
28806147
28786749
31092964
30809324
30745605
30725005
30606024
30602276
30535609
30283823
30211947
30201088
30176154
30148975
30111085
30002765
29998951
29895034
29846464
29787323
29743453
29608740
29600036
29593183
29564058
29533126
29527285
29422809
29422805
29407296
29405826
29383673
29383672
29383671
29383670
29383669
29383668
29383667
29383666
29383665
29383664
29383663
29383662
29383661
29383660
29383304
29382971
29371761
29326959
29316555
29294162
29280808
29266053
29227855
29227201
29220796
29219052
29210765
29203446
29203364
29199388
29189354
29188472
29175039
29162405
29162336
29160203
29144223
29141774
29134299
29109161
29095766
29071710
29066141
29061738
29040788
29038278
29029221
29017933
28990312
28988901
28980459
28964885
28926130
28923757
28890287
28870746
28842931
28842261
28801226
28782647
28768452
28757083
28754222
28744822
28744593
28732742
28712548
28705583
28688849
28684034
28683448
28655511
28652125
28583769
28381525
28274998
27601193
28763660
29399217
29287077
29312258
29307988
29292260
29261736
28986322
29312224
29270290
29257353
29951405
29403660
29235503
28968845
29255727
29222426
29259371
29216276
29211811
29214047
29202797
29373767
29357212
29339954
29336752
29299507
29245331
29238589
29234211
29224205
29215629
29210343
29202142
29179981
29177489
29173887
29173524
29173325
29173236
29151392
29143704
29140453
29132520
29112564
29103378
29087398
29087273
29084081
29084080
29083543
29079158
29070507
29066337
29063998
29059280
29044643
29031928
29024758
28988773
28987390
28986313
28970055
28961905
28960437
28954901
28941704
28939012
28935196
28928035
28927251
28927227
28882583
28877960
28863080
28856589
28830842
28823390
28808837
28807623
28807622
28801865
28801119
28794958
28780742
28774865
28764997
28760635
28757087
28734127
28733230
28687280
28669864
28660351
28655582
28655581
28645479
28593617
28529025
28484801
28412380
28126184
27630210
29430228
29213333
29187202
29183074
29183052
29179687
29180685
29176760
29260003
29146947
29187841
29081208
29029255
28874406
28506028
29132405
29020310
29136420
29151897
29125365
29123168
29121673
29117204
29116155
29110105
29255739
29114399
29099868
29255732
28723262
28640662
29267517
29201180
29183720
29163961
29144257
29140612
29104651
29101931
29076071
29048477
29039256
29032373
29028276
28988923
28988917
28980505
28961980
28960474
28950917
28949065
28946934
28943204
28935515
28899610
28899198
28875314
28863010
28836723
28826428
28805081
28797758
28782508
28782372
28766951
28763642
28751127
28734723
28681203
28677158
28596022
28502839
28442436
28433406
28399946
28385299
28214181
28177534
29089433
29167835
29020210
29152554
29732377
29130220
29118745
29123385
29065168
29058580
29093626
28842504
29089778
29039846
28595289
28591789
29075130
29023522
29075620
29067276
29016644
29043150
28989969
29164170
30060024
29651169
29460560
29387100
29308906
29276300
29253424
29164044
29103690
29103266
29091190
29044436
29026601
29025123
29017213
28994447
28994370
28976455
28976454
28966486
28964347
28953024
28945189
28930010
28903802
28893366
28891459
28872758
28867619
28865041
28858073
28852777
28844313
28843660
28837518
28835289
28826425
28823547
28821215
28805171
28800896
28796388
28795086
28794179
28784928
28776206
28765251
28760934
28760168
28756789
28756233
28751156
28739791
28730660
28656322
28647425
28610932
28602274
28602273
28579472
28578133
28577158
28575220
28573471
28555402
28549779
28549115
28527649
28520953
28501926
28501554
28497295
28476493
28465256
28451916
28363494
28260560
28258834
28054289
27718300
27647625
26860352
29100341
31644170
29085200
28983286
28935729
28934954
28959733
28805376
28708379
28531289
28932754
28902923
28899372
28697670
28657883
28617651
28880963
28878013
28874882
28453386
28869502
31862087
31862086
29479244
29207702
29193949
28957972
28957971
28953137
28936973
28936948
28914275
28885907
28882017
28863811
28863807
28863256
28862335
28861211
28858131
28857034
28837488
28805333
28805325
28790133
28779831
28770495
28759258
28748314
28747056
28729205
28709901
28707337
28705932
28693636
28689514
28689506
28687210
28681270
28677344
28669367
28666807
28663118
28652311
28645569
28641091
28639362
28636257
28633368
28629876
28624753
28619474
28615471
28604925
28589238
28576711
28549882
28538648
28526311
28480750
28458067
28431849
28429164
28417271
28371928
28332133
28301334
27626762
27578209
27474685
27147712
28894766
28855575
28852010
28851988
28850573
28847992
29067223
28835650
28827811
28827640
28827258
28814217
28814214
28814204
27791481
27652799
28813492
28813461
28859349
28811656
28811642
28810021
28444166
28856119
28814976
28800598
31643717
31644234
28790208
28794800
28592627
28824629
28776043
29189869
28919674
28852524
28840809
28822380
28816966
28786786
28771654
28762696
28756805
28728905
28716810
28707191
28672286
28672282
28668696
28650734
28612519
28608496
28602676
28602517
28592348
28592343
28584149
28584146
28584140
28578710
28575285
28573685
28558856
28545305
28544102
28542111
28538249
28533127
28533000
28526314
28526309
28513974
28501333
28479377
28456140
28431852
28400013
28365897
28363097
28306141
28267992
28223147
28129954
28120176
26698688
26221790
28869008
28760801
28747178
28790999
28761936
28743891
28791215
28785535
28669616
29230429
28785153
28765714
28500042
28526748
28704538
28692690
28625783
28687693
28531908
28531905
30225401
30225396
29118940
28989528
28929960
28837182
28752103
28746120
28746119
28721981
28712463
28660816
28636484
28622739
28614043
28603640
28589214
28557651
28540475
28495188
28489336
28486996
28462761
28461208
28461207
28459708
28452863
28447375
28435086
28426557
28410344
28404671
28396027
28394408
28389190
28386820
28383153
28363634
28361440
28346844
28333302
28322899
28299963
28242058
28181032
28087481
27860531
27616769
27209466
26701764
26616138
28492641
28301919
28662012
28645266
28487371
28630239
28623367
28622340
28617768
28548838
28698756
28619975
28638626
28607468
28606132
28642864
28603609
28596600
28649413
28592870
28587316
28588767
28578412
28577357
29225756
29067987
28959143
28730135
28646951
28643627
28637570
28637562
28625250
28607673
28592037
28580925
28572645
28536258
28536162
28511200
28506071
28470456
28461190
28457354
28435010
28433497
28408053
28397624
28376944
28371243
28365900
28360030
28348151
28347160
28346596
28346595
28343455
28330512
28329238
28328762
28314653
28314071
28295646
28286152
28285605
28284851
28279860
28273393
28254263
28238506
28223256
28216085
28215602
28213939
28195180
28192108
28185664
28155020
28139662
28126426
28116970
28054368
27988389
27842209
27601687
27601055
27521152
27280500
27190172
25611030
28569200
28569156
28566702
28570548
28579835
28396132
28536228
28267569
28216103
28366569
28238427
28522725
28512094
28511646
28510584
28505637
28506317
28500123
28494766
28346281
28215073
28540051
28493903
28516109
28477627
28609252
28609251
28473000
28472060
28282270
28129018
28102756
28059612
28051919
28001467
27935413
28463987
29535482
29493205
28764868
28680175
28656028
28592977
28513121
28469228
28462657
28447950
28447949
28445681
28430065
28429247
28426451
28417498
28397703
28355613
28339307
28338356
28319229
28318779
28315032
28302431
28275072
28264847
28252257
28250001
28246379
28246378
28235986
28235560
28219462
28219459
28215789
28214753
28198085
28196423
28189284
28186243
28173947
28169840
28162100
28158664
28158635
28158498
28158478
28158441
28118861
28089675
28057560
28024858
27988815
27987047
27878620
27826799
27484050
28173695
28402634
28008787
28008784
28449424
28638841
33525814
28484429
28431238
28425276
28423300
28423299
28423298
28572754
28232034
28385835
28421185
28366929
28441827
29493175
28631639
28546796
28546791
28520994
28520993
28498996
28496532
28491889
28491142
28414622
28405601
28404757
28396843
28382547
28336757
28320543
28320542
28318702
28303388
28300019
28296825
28286992
28279859
28274145
28257905
28251812
28237369
28233578
28233274
28226419
28220514
28214735
28210836
28206678
28202190
28193327
28192156
28188880
28181098
28170133
28169013
28167669
28166846
28166328
28161256
28153747
28153559
28153556
28137804
28131640
28130063
28130062
28122874
28122803
28116592
28108389
28108388
28104319
28087657
28087170
28077694
28063955
28043925
28029471
28012982
28002256
27999065
27999064
27995603
27977555
27957599
27932283
27923723
