23324529
23419978
23420817
23420819
23420839
23442414
23442761
23442762
23460123
23463640
23463642
23465046
23487367
23487370
23515539
23528985
23542116
23543720
23545305
23545446
23545528
23554188
23571539
23575749
23600886
23618760
23624885
23639818
23643391
23651889
23651891
23651905
23651906
23664578
23664676
23690114
23733223
23733723
23735347
23774972
23828075
23828079
23838731
23841136
23845749
23900708
23923106
23998981
24265965
24278635
24902394
23728312
23765468
23719885
23800312
28609044
23923313
23977418
23843696
24450844
23059411
23176535
23206274
23219671
23350898
23370970
23435084
23463209
23503193
23532470
23532471
23571824
23571867
23594389
23602785
23603688
23629713
23629868
23643507
23651367
23660799
23672600
23676437
23678072
23680240
23695429
23702278
23715579
23732897
23739072
23739073
23739074
23759667
23764494
23774772
23787167
23801418
23803912
23809712
23809724
23815405
23816346
23824374
23847584
23888639
