31690402
31687419
31663792
31651503
31626042
31612528
31557040
31556352
31544264
31532030
31522695
31516714
31511334
31498687
31483905
31468999
31466535
31449295
31434726
31434724
31427200
31424489
31413082
31411909
31389666
31387799
31382854
31372907
31369805
31359602
31352670
31338965
31303378
31288991
31239175
31225737
31182236
31178280
31173780
31107370
30335172
31666016
30855075
30615099
30615074
31658249
31474101
31653906
31420448
30342769
31738730
31709221
31653020
31634096
31639033
30980712
31681632
31624167
31326982
31750259
31399410
30901033
30870559
30458058
31607272
31601212
30337114
31658780
31658740
31600222
31624757
31662887
31578306
31664443
31584684
31578248
32721136
31950808
31859813
31823917
31749925
31662862
31660343
31637329
31622063
31610581
31609455
31599506
31585650
31581576
31575600
31569233
31569231
31569230
31569223
31568706
31567249
31555004
31551344
31551343
31538977
31509068
31501913
31490821
31467436
31429817
31414930
31399290
31391230
31386902
31371062
31369420
31363870
31359254
31356240
31342884
31332916
31327067
31288052
31269456
31268511
31268492
31255741
31255716
31254655
31254653
31247292
31233446
31233441
31216862
31207298
31176521
31169545
31160825
31154357
31103531
31077800
31077778
31077777
31071426
31060870
31007034
30898722
30882536
30816855
30614941
30488079
31667130
31611869
31560732
30759198
30611533
30561531
31616392
31554297
31548637
31583398
31479241
31462404
31530847
31481610
31527041
31525183
31429553
31552001
31279892
31501180
31559298
31488869
31480752
32233325
31838936
31787855
31700814
31598109
31570302
31526450
31475811
31474787
31442017
31418771
31406348
31405783
31404028
31391214
31364340
31364335
31327020
31322101
31315950
31314998
31311616
31304522
31300397
31300360
31288875
31278840
31266629
31262983
31256766
31241182
31220424
31211883
31199936
31197926
31187579
31165961
31161644
31152740
31129008
31112729
31112072
31101326
31081164
31002420
30991081
30987794
30913334
30771530
30703583
30528819
30045168
31469837
31555606
31548964
31462412
31454897
31450576
31641560
31737727
31167904
31559265
31431428
31415582
31693327
31448117
31409041
31403473
31403467
31413797
31410293
31440478
31448240
31284301
34368678
31467562
31383872
31383686
31379333
31859781
31481147
31469008
31465642
31414736
31388335
31375837
31375836
31370714
31367743
31348408
31330183
31323291
31308519
31300105
31286585
31274245
31255715
31230698
31221610
31220606
31220605
31190669
31177865
31173866
31173438
31169660
31169659
31160160
31154629
31146518
31138615
31138612
31136009
31135388
31124428
31116134
31114972
31102556
31098633
31085703
31077510
31054313
31047954
31034928
31032549
31002991
30987950
30986562
30986525
30979531
30978391
30946985
30928573
30926439
30902506
30891689
30885409
30871741
30851427
30850252
30777388
30767176
30734567
30733264
30665779
30664104
30590113
30583059
30583055
30553029
29158082
31365590
31467881
31692839
31528481
31357520
31182482
30863856
30852608
31337728
31246421
31367346
31184849
31361420
30312362
31380303
31315214
31310298
30833354
30745377
31523552
31380423
31289293
31287834
31276487
31355824
31023851
31516774
31388488
31304012
30689770
33598637
32373304
31687111
31461583
31433281
31381623
31363779
31354831
31308704
31268121
31236653
31236163
31225607
31205129
31181025
31180922
31172910
31133519
31130255
31122789
31113737
31107202
31106725
31106723
31106714
31088580
31085514
31082878
31081416
31064034
31034929
31034124
31032759
31017647
30988143
30986885
30974283
30973416
30958895
30945014
30941532
30902742
30900947
30851342
30843115
30831065
30790420
30778870
30770201
30723028
30711351
30665780
30660604
30638677
30570543
30388312
30254135
30012057
31406525
31497443
31250122
31248929
31122858
31234928
31233493
31227743
31181894
31281807
31227535
31227528
31221971
31142497
31431839
31361890
31212980
31431928
31258528
31210787
31020784
31354309
31281684
31275937
31171939
30927688
31859743
31309090
31258318
31212328
31211160
31210950
31204404
31201141
31178437
31146858
31146857
31124898
31117799
31074701
31072422
31030679
31029554
31017741
31006411
31005136
30989592
30989419
30985994
30979563
30975242
30969003
30959165
30944191
30944188
30927215
30926290
30911926
30907672
30900765
30898637
30882947
30880267
30880150
30878603
30862468
30851723
30839436
30834561
30826445
30808257
30806914
30762209
30709552
30696609
30690052
30690051
30682564
30632052
30615960
30603078
30585500
30576799
30569334
30527283
30519847
30480810
30389589
30359648
30240814
30198521
30172746
30171888
30149135
30084095
30055221
31214150
31154349
31148548
30281082
30256954
31136602
31133632
31263711
31137766
31178844
31129636
31113785
31205416
30973451
31205985
30204878
30901686
31143074
31193177
31098293
31190948
31071292
31068203
31066530
31003940
31217729
31105766
31064056
31061423
30852592
30380035
31053093
30989227
31046810
30826539
31529849
31215504
31198136
31172914
31145259
31139672
31124432
31112663
31111816
31084676
31036529
31034382
31034070
31025348
31018929
31011140
31010497
30982376
30962095
30943129
30926204
30885591
30880228
30879971
30867236
30861317
30853250
30844413
30826963
30802649
30802297
30797689
30794140
30786944
30777373
30767723
30760531
30742956
30741755
30722749
30716016
30714187
30666782
30623624
30616013
30579590
30578140
30569726
30554881
30481595
30266433
30076972
31281753
31114553
31039738
31183241
31026286
31105673
31044014
30968891
31259128
31361830
30995474
30992351
30986230
30692174
34368671
31024971
31024483
31007720
30969490
30969170
30957161
30668844
31205828
31024308
30948752
30948494
30944377
30943268
31001213
31745017
31398977
31130254
31130250
31061891
30987771
30969066
30955794
30950825
30949533
30880804
30858014
30851429
30849459
30848536
30847461
30841948
30837698
30821431
30821228
30807349
30805700
30803047
30799805
30794875
30767587
30753786
30739437
30739011
30731348
30729846
30703440
30699302
30689283
30682434
30675682
30670434
30660798
30642771
30633971
30630037
30615945
30610862
30592645
30590496
30561656
30554878
30540709
30527394
30502111
30499882
30497603
30471971
30471969
30450942
30370502
30350418
30350019
30281779
30193396
30118563
29964230
29570171
29157145
29064902
30371761
30976431
30926601
30457126
34368670
31058234
30944881
30371802
30923573
30894434
30944877
30911393
31094175
30528588
30906424
30730737
30312400
30862754
30862746
30845098
30899257
30845918
30863760
30837457
30644169
30881353
30832583
31266088
31101775
31065468
31019401
30999462
30972283
30961444
30921218
30909689
30861553
30857514
30841760
30837785
30790588
30786942
30767829
30741841
30730451
30709665
30709664
30685063
30682499
30659481
30633974
30602502
30558984
30556639
30545582
30530621
30506900
30448272
30439380
30430786
30430782
30420098
30415929
30392996
30347517
30320666
30318399
30314710
30266640
30240673
30181015
30101529
29888965
29859984
29239198
29059026
30858872
30815766
30811919
30807599
30805802
30795551
30260451
30842760
30809438
30785934
30785932
31193719
30833939
30828322
30633871
30765857
30792854
30761842
30744568
30742636
32091695
30793006
31043955
30501172
30736358
30721291
30721288
30863646
31294387
30834334
30820331
30774626
30738489
30701001
30698135
30694953
30691583
30680444
30634370
30634369
30628108
30617709
30576791
30561131
30550807
30547500
30522539
30521856
30510170
30500477
30498879
30478235
30466495
30463889
30459167
30457076
30455246
30455242
30455241
30429255
30427983
30414919
30412324
30399133
30391527
30361807
30360976
30359696
30343987
30337260
30315963
30301657
30301654
30297042
30295814
30293678
30292822
30273623
30262259
30220616
30218764
30172651
30137260
30085388
30060067
30020417
30006844
29369236
29358002
29206751
30704484
30700514
30699117
30967977
30696914
30518017
30403550
30678704
30673882
30673716
30680153
30666957
30719428
30020421
31384699
30658109
30655592
30482680
30482679
31408091
30645630
30644987
30642394
30565941
30400734
30697203
30675339
30646547
30642269
30746470
30687250
30634997
30634939
30634930
30411608
30687648
30657265
30626129
30622186
30616615
30616563
29893798
29846557
29846537
33948176
32099618
31912058
31891360
31820171
31741357
31662120
31597902
31560278
31487251
31486783
31384517
31379393
31364565
31181948
31138041
31134774
31106109
31063109
31063097
31063095
31063089
31055584
31049178
31037915
31019676
30945972
30924421
30876614
30869054
30866714
30827274
30821676
30799780
30789196
30721959
30705800
30689174
30681570
30652002
30643439
30637658
30627271
30615408
30612611
30601771
30598589
30588042
30567847
30561306
30540704
30513074
30507659
30479173
30468838
30462253
30426908
30414838
30409240
30409235
30408565
30406879
30394898
30394232
30358837
30339561
30335629
30300553
30287481
30273668
30268564
30266417
30252612
30247650
30247587
30238983
30218259
30205907
30201414
30199131
30183484
30172612
30118620
30118389
30117400
30086360
30055267
30038352
29995979
29971567
29788296
29781761
29601446
29449093
30597880
30613670
30669805
30588590
30619231
30622517
30619112
30598584
30576368
30643841
