26705057
26700136
26657899
26608090
26416306
26410257
26352106
26259740
26125460
27126044
27125610
26809801
26718473
27121861
27013431
27148250
27102582
27094447
27093939
27091615
26993331
27091232
27090860
27263152
27089365
27074706
27071986
27104118
27190728
27227752
27158839
28828039
27453747
27382953
27234755
27127437
27080803
27080791
27065726
27062204
27046533
27043629
27034082
27020502
26991284
26982504
26964649
26956066
26954708
26953991
26920994
26905667
26891259
26886352
26880280
26867962
26865681
26860508
26860329
26858126
26855324
26818749
26817630
26802875
26795900
26790921
26787687
26780696
26778484
26775936
26771898
26763618
26762654
26759363
26755495
26752662
26750087
26746170
26743187
26711661
26690930
26689599
26684367
26628567
26606675
26606279
26592309
26553337
26546732
26519463
26489717
26424497
25933911
27031464
27030597
27051863
27023605
27011211
27009342
27003987
26999613
26996606
26978263
26703864
26703863
26683317
26683316
26975510
26971047
26968527
26964576
26964574
26963489
26683375
26614590
28348752
27363226
27363217
27295915
27228665
27156284
27156262
27148613
27109966
27104013
27070796
27014765
27000353
26972929
26960574
26954650
26954051
26954050
26954049
26954047
26940596
26930504
26929784
26915093
26899412
26895607
26894625
26894624
26860266
26849527
26836055
26821578
26810610
26809802
26768299
26756877
26753991
26709260
26709248
26699700
26686811
26686361
26684369
26679745
26677246
26670919
26661725
26661392
26656887
26651237
26650148
26650114
26582748
26572724
26565008
26541068
26485334
26433619
26278641
26260753
26231446
25985709
25791539
24858336
24687967
27025528
27572174
26955289
26905900
26903365
26901316
26899032
26908381
26792800
26871580
26868647
26676768
26655716
29967835
26859403
26832403
26850296
26855894
26870044
26839147
27340722
27266236
27172442
27124907
27048902
26999391
26965890
26915500
26907483
26862400
26856973
26840963
26834271
26834162
26803556
26800656
26792686
26792682
26723852
26708704
26708703
26708405
26700884
26700883
26688279
26679727
26679487
26662643
26661445
26661400
26659205
26656133
26653944
26643348
26637379
26633756
26616463
26616410
26601705
26598364
26596863
26592987
26592763
26581425
26573738
26555737
26555543
26549696
26545971
26538348
26517329
26512132
26507679
26505927
26505926
26456188
26456187
26417871
26408277
26335160
25496416
26829538
26973849
26918176
26818813
26823648
26789728
26787833
26798767
26797634
26816362
26768445
27025520
26758906
26762142
26757463
26757461
27571750
26755157
26740150
27239562
26732067
31529926
31156810
29616528
29348706
28525191
28097034
28066039
27999606
27804875
27651790
27620311
27579314
27548724
27522728
27512603
27507349
27507348
27507347
27507346
27507345
27507344
27507343
27507342
27507341
27507340
27507339
27507338
27507337
27507336
27507335
27507334
27507333
27507332
27507331
27507330
27507329
27473492
27446866
27432247
27410763
27407273
27375958
27375748
27366181
27366179
27350639
27337554
27322647
27303685
27247810
27246640
27190666
27172707
27161356
27152073
27148577
27147813
27127501
27116291
27086820
27076143
27076142
27051544
27034681
27033528
27028327
27027524
27007515
26966622
26941798
26934513
26927355
26885539
26884739
26881175
26845084
26843664
26825565
26820654
26788544
26772409
26772408
26767866
26765683
26743554
26730868
26724298
26692547
26687712
26655286
26643655
26641310
26628102
26620948
26612186
26611812
26607744
26599038
26565670
26564276
26552981
26525793
26516039
26511742
26511734
26503650
26502913
26490780
26486597
26486102
26482315
26470820
26455347
26454749
26445319
26433782
26432184
26424193
26423923
26383014
26344412
26343156
26211988
26153514
26119775
25989816
25970037
25600465
26507420
26443321
26705425
26698842
27025646
26703737
26697117
26602083
26522134
26682547
26680234
26679502
26675010
26674774
26338793
26338788
26668265
26659011
26697008
26690209
26633511
29736438
27842877
27004398
26885330
26697583
26697567
26676318
26673511
26673501
26673500
26657927
26657424
26654239
26654237
26654234
26634119
26616318
26612229
26603728
26582882
26573083
26556881
26556797
26549493
26547905
26547239
26545846
26538058
26520593
26510540
26498703
26482373
26467702
26461425
26456896
26456662
26445410
26440041
26436983
26416527
26415868
26407250
26403333
26393292
26392484
26387888
26386640
26385433
26381324
26378285
26377204
26369958
26362699
26327134
26320700
26278363
26256807
26149988
26123227
24859995
26617195
26611482
26607188
26604257
26596269
26593089
29770104
29769969
26584845
26584780
26581409
26604846
26450660
26601096
26600975
25920320
26573915
26396190
26953476
26343840
26531327
26568840
30766030
28868417
27885315
27621508
26867362
26863828
26744587
26670401
26670398
26649183
26632723
26598095
26598094
26583825
26541656
26537324
26526437
26521932
26521118
26508688
26490821
26484839
26470615
26459027
26447969
26447968
26419191
26407619
26403484
26391097
26387690
26368062
26365827
26361995
26354814
26354812
26354525
26354090
26348734
26348248
26324536
26324268
26321042
26319148
26315659
26302500
26297332
26293008
26288985
26286574
26282409
26278576
26255560
26232535
26227580
26223207
26221017
26190379
26163107
26084776
25935201
25921338
25858553
25800812
25777655
26550553
26517480
26511839
26503394
26566371
26496694
26485133
26258903
26543762
26770380
26468647
26478682
26473030
26465937
26463905
26468159
26528332
26450746
26446480
26767058
26638514
26457009
26446591
26444881
26444424
26798556
26443462
26283789
26795227
26691472
26663793
26633112
26633108
26565276
26484484
26447730
26440207
26374259
26374258
26369529
26354793
26346682
26344360
26341328
26341041
26296999
26264455
26253518
26248363
26248357
26239985
26238868
26238001
26231552
26231269
26216624
26202120
26198577
26198084
26195522
26179308
26179020
26173691
26169276
26164495
26164184
26150022
26144314
26141927
26135055
26117432
26110633
26108686
26092488
26092487
26082508
25986528
25986524
25936376
25882477
25756679
25687254
25644650
25619317
25598044
25595150
26500740
26441942
26408025
26404991
27025632
26402902
26400909
26392449
26455937
26377067
26396535
26372249
26370022
26060292
26024909
26024908
26359624
26355734
26355659
26350971
26022983
26877769
26630786
26624602
26624597
26520203
26520193
26509182
26478585
26450478
26448303
26400518
26362295
26330515
26305138
26297376
26291035
26255317
26239132
26231503
26211609
26210512
26198180
26191534
26188603
26178385
26169793
26169403
26164847
26159499
26149991
26148711
26147121
26116225
26104506
26092471
26081240
26078392
26072907
26071832
26068651
26062650
26055381
26047207
26016947
26006153
25964154
25922983
25825054
25772664
24951104
26392822
26117821
26314093
26313448
26430584
26300956
26294621
26289776
26150664
26301122
26138466
25805751
26271033
26264409
27025628
26247436
26245825
26949507
26242247
26240104
34860933
28411984
26518395
26394495
26348073
26319378
26290935
26272634
26272503
26261935
26233437
26207402
26199993
26194296
26168477
26159845
26156942
26135847
26121537
26098506
26096320
26092300
26092095
26069992
26063860
26055927
26041894
26041892
26037139
26022659
26013487
26008122
26001313
25993689
25993688
25988273
25987638
25987626
25987247
25981433
25978982
25958185
25957816
25953807
25947205
25944720
25941008
25930686
25929588
25925596
25925595
25924718
25913501
25908431
25904126
25896321
25895635
25889357
25876881
25869819
25863312
25857829
25832317
25817005
25806678
25800047
25708215
25676130
25638400
25432576
23824619
26230099
26230123
26221729
26218654
26279626
26186212
26125969
26181795
26176399
26176398
26176397
26176396
26177038
25828996
25828993
26203270
26173701
27025625
26161690
26158611
25760275
26477226
26159718
26159713
26153295
27774199
27025624
26150639
26091306
27025623
28276041
26397285
26392722
26364368
26310651
26310645
26293080
26228363
26211780
26200730
26191052
26185610
26148266
26148265
26140631
26132360
26131411
26126606
26119615
26117213
26113167
26108383
26089544
26085550
26070003
26063385
26046943
26040649
26004192
26003403
26001980
25997876
25997802
25986167
25982915
25982290
25979639
25979001
25957122
25955501
25941230
25941217
25939833
25929174
25926302
25924765
25920706
25917906
25917533
25911052
25907782
25905620
25905546
25893454
25878343
25878261
25872412
25855703
25824219
25801085
25800414
25797334
25796956
25792197
25728208
25660253
26111124
25993059
26102287
27025622
25849250
27025621
26090609
26025992
26025991
26078557
26061852
26061851
26061850
26040716
26059449
26074711
25918442
26180828
26038560
26037121
28275412
28275398
27847897
26548233
26364372
26110290
26099613
26056868
26049196
26034828
26034401
26033001
26004645
26004644
25994292
25987689
25986301
25978092
25972333
25972286
25935700
25922336
25913648
25912469
25883704
25878340
25871748
25842241
25809977
25796558
25791766
25788549
25783204
25782039
25771812
25769665
25753106
25749258
25740560
25722195
25700890
25693845
25686730
25681667
25681303
25677630
25677629
25652599
25638401
25529763
25527140
25421617
25410088
25217386
24890755
26031678
26031677
26031676
