32492147
32472262
32468975
32441243
32377889
32367261
32363568
32281016
32205149
32044135
32035688
32017248
32011405
32006751
31982216
31955667
31923639
31862165
31663843
32867842
32862830
32872649
32872476
32983019
32874818
32867060
32874541
32858965
32904597
32631945
33456155
32908552
32839524
32580954
32434782
32842679
31560051
31560048
32850262
32819295
32663199
31821445
31821444
32824952
32703744
32913500
31883370
32903654
32903430
32785266
32923252
32796569
32923365
32850913
32801806
32764526
32759868
32789514
33277154
32999906
32994900
32954843
32864024
32821643
32785914
32768208
32742016
32726198
32717474
32707228
32671325
32657969
32657021
32618715
32599521
32597706
32593567
32576438
32539877
32531232
32522608
32484121
32471521
32468967
32460928
32417432
32414632
32408913
32407825
32330557
32304873
32304644
32296918
32285102
32284309
32277409
32276872
32196881
32064754
32027402
31970824
31904567
31216928
30287184
32849582
32849451
32765885
32737088
32731873
32880313
32880312
32774464
32727864
32727857
32727381
32821067
33194331
32782480
32407589
31504328
31504317
32201380
32589945
32801790
32513796
32457109
32903297
32691838
32793147
32762196
32687517
32766196
31725875
31725870
32673355
32760391
32685328
32699601
32665392
32664922
32660525
32594718
32430207
32646898
32482070
32492369
32640639
32624072
32775085
32635553
32635220
32620855
32620839
32037950
32714296
32642633
32605340
32757991
32755514
32734265
32724908
32715754
32685606
32675703
32657282
32637898
32633762
32618640
32617595
32611700
32590529
32505259
32495834
32482733
32482380
32423602
32408912
32391862
32364669
32334949
32330584
32311450
32311381
32306706
32294172
32266848
32224190
32181906
32140903
32111346
32060905
31911070
31888347
31876184
31831398
31811919
31757477
31715298
31682985
31668774
31416629
31157697
30463441
32605598
32600391
32595159
32617247
32590971
32589955
32577835
31628838
31584630
32393487
32676256
32122939
32636819
32559246
32570897
32549307
32607274
32670712
32587690
32532220
32545219
32525887
32733389
31504311
31400280
31359053
32517086
32517023
32515707
32492051
32523972
32492429
33187590
32677453
32600151
32596255
32589232
32555455
32537754
32518854
32510464
32508359
32488431
32487555
32487252
32487220
32441632
32422411
32410207
32404234
32390266
32387171
32381455
32375990
32372471
32339663
32335312
32318801
32299633
32281776
32279670
32278778
32275896
32272094
32239681
32234350
32216852
32213043
32212102
32205160
32171559
32165072
32133659
32132676
32097465
32068014
32062723
32035998
32010962
31999199
31970532
31927652
31883938
31843494
31830335
31813263
31812271
31744632
31733811
31712951
31686360
31667694
31622683
31562598
31317298
30888623
30688687
32469867
32481654
32528224
32457246
32269098
32842434
32448314
31343677
31343673
32477428
32253206
32509714
32508838
32433519
32284366
32205405
32547151
32430059
32424289
32424172
32429286
32091869
31909964
32974597
32404060
32302524
32242614
31665288
32477962
32420962
32403297
32398341
32179626
32155319
32437825
32489867
32239920
32126763
31849218
32558807
32392707
32382070
32420301
32384826
32376702
31290544
31253983
32371595
32371470
31793403
30289342
34434383
32405509
32359480
32356953
32324085
32303319
32302381
32277897
32246501
32223302
32213042
32190927
32176604
32165071
32124046
32119956
32112153
32101275
32081648
32068845
32057076
32052722
32047093
32000872
31996280
31990686
31952909
31934800
31932139
31901154
31884555
31836551
31828463
31821178
31688897
31617129
31494540
31471066
31402235
31336196
31254675
29797615
32242623
32508555
32331545
32312802
31793629
32461869
32051264
32051261
32483557
32326261
32191024
32316346
32300130
32351460
32326509
32296975
32293842
32293302
32004771
32295242
32295121
32287295
32150234
32322715
32290477
32548192
32548190
32073825
31197362
32308741
32272951
32198200
32249833
31883473
32242357
32241860
32942889
32883931
32742514
32421761
32363211
32362963
32347203
32346208
32328506
32313457
32255305
32247350
32216868
32213039
32182567
32169531
32151948
32109736
32101994
32092415
32092414
32083498
32080996
32066975
32066570
32065604
32057278
32052726
32048107
32042128
32036798
32033948
32016703
32016532
32007682
32002672
32000873
31994977
31987991
31973777
31973773
31972620
31960058
31945474
31940467
31873741
31870888
31858919
31838076
31838001
31821919
31785022
31734357
31715161
31713055
31697194
31607397
31606481
31604624
31566046
31525517
31493042
31423947
31411386
31403981
30224283
32243946
32235931
32296628
32231237
32228454
32195998
32118872
32229549
32221399
32373431
32308545
32225042
31941691
32266160
32152097
31988098
31964789
31932379
32251347
31964746
31907198
32245201
32204381
32191763
32183606
32182248
32180548
32123082
32300746
32170182
32005667
32195351
32161145
32157186
32156806
32156803
31967823
32138711
32132157
32131755
32014268
32190658
31211839
31125415
32122097
32122096
32122095
32122093
32115019
31876919
33762897
33659796
33425020
32851340
32728356
32410890
32355857
32220263
32199538
32186784
32133990
32123926
32104163
32104162
32104161
32104160
32104159
32104158
32104157
32104156
32104155
32089179
32061326
32020359
32008695
32008133
31991477
31976779
31944332
31928537
31927638
31904312
31899563
31896374
31880660
31876614
31869626
31852562
31836331
31836329
31822448
31789702
31789441
31784367
31782025
31761522
31749279
31714390
31713000
31642991
31628725
31551123
31551022
31542458
31492556
31427035
31328697
31284033
31165960
31009795
29995234
32318492
32185143
32148376
30476169
32175321
32161476
32158569
32158437
32147994
32123545
32110682
32106444
31968229
31896665
32058973
32084340
32080292
31871095
32165800
32076853
32074119
31996394
32071279
31950977
31718902
31420934
34568758
32116293
32074955
31001619
32099702
32053787
32110036
32047064
32037964
31679016
32046000
31608956
32027665
32024477
32022877
32019832
31811041
32322375
32284721
32099847
32088581
32055636
32032841
32030337
32025524
32003951
31992896
31992895
31975529
31968234
31961290
31938827
31918362
31907988
31902737
31896538
31896369
31887433
31875427
31857201
31851091
31846705
31843033
31830597
31822302
31821206
31815352
31806059
31801644
31801642
31801387
31778810
31778809
31776039
31769569
31768906
31768834
31762432
31760080
31750937
31721371
31721100
31698044
31693082
31693080
31693079
31680021
31679799
31678304
31677084
31667739
31644835
31642901
31634104
31617299
31606256
31582570
31534193
31532745
31515098
31494260
31493500
31493498
31440997
31356959
31356958
31344453
31330184
31185294
31049925
30593454
30169396
32023967
32083021
32001686
32001435
32657685
32140247
31992624
31776192
31776191
31546305
32047670
32047775
32140327
31974369
31979034
32064010
31964766
31968636
31976354
32031511
32021331
31948404
31940431
31709708
31532570
31937640
31935271
31896582
31915217
32021115
31976355
31921413
31907166
31993458
31976356
31922563
31913488
31913485
31906470
31898476
31685533
31659010
31495879
34568752
33860741
33613097
33424210
33300351
33254107
33117624
33041718
32904931
32775131
32775130
32731687
32725081
32675857
32646242
32598272
32500988
32500979
32500978
32305976
32238711
32224686
32215122
32200611
32115974
31983155
31971162
31961792
31950071
31906353
31888865
31873046
31850561
31811507
31809424
31800331
31777953
31768029
31758952
31748820
31744766
31731901
31725010
31713579
31712627
31709831
31708000
31707136
31699546
31699545
31696976
31690143
31673718
31672656
31669741
31658933
31639419
31633561
31631350
31624029
31611298
31605771
31595814
31582175
31537480
31526786
31387772
31376824
31358422
31317534
31262611
31209454
31205257
31125055
31122134
30885626
30820545
30799640
33817201
31905812
31905795
31976311
31550348
31911907
31950048
31933709
31666367
31692324
31685472
31685464
31636067
31611365
31611350
31856240
31846487
31570564
35541605
31888274
34222954
31029375
32685591
31921049
31831867
31921134
32062927
31921877
31849510
31631371
31835413
31815650
31813261
31890725
31811106
31797927
31535670
36339288
34752517
32510895
32171669
32128338
31993353
31961942
31957588
31957587
31957576
31950069
31903909
31898424
31858017
31844637
31842596
31839124
31813093
31799333
31767096
31745820
31738336
31733265
31714359
31688252
31672660
31656216
31655214
31647977
31647044
31644957
31607571
31607280
31605309
31571380
31570154
31570017
31567734
31567566
31563878
31562236
31550535
31544324
31540988
31539459
31502737
31499177
31494128
31476300
31472233
31470088
31454512
31428991
31419487
31406331
31404682
31404566
31400883
31377188
31350897
31323290
31304854
31302848
31279995
31260740
31260739
31220480
31201853
31187275
31173991
31173889
31103793
31085417
30872073
30825696
31780560
30981437
31776324
30902484
31780599
31051514
31051032
31827467
31776146
31803254
31824463
31776700
31665575
31756948
31748246
31827776
31744916
31683278
31819461
32598605
31788234
31773068
31739602
31584822
31125399
31909068
31749963
31711425
31717334
31703080
31699731
31723569
31519008
31807031
31700548
31913060
31858953
31804788
31793457
31775191
31771703
31749965
31719994
