21327423
21668576
21689306
21984315
22009735
22019794
22075631
22077098
22106004
22146873
22155369
22162545
22183166
22189114
22203600
22205786
22226621
22229532
22248590
22257741
22306442
22306443
22314071
22321724
22325169
22338064
22354381
22377231
22381222
22383287
22407993
22407994
22407995
22407996
22411651
22421720
22457871
22469801
22491554
22555464
22555466
22675283
23050329
22315981
22267739
22398844
22407320
22416090
22306375
22919620
22436392
22587966
22452835
22452857
22605806
22455611
21028991
21691259
21817887
21934595
22077148
22202440
22227466
22229804
22238444
22252830
22252869
22258927
22259201
22266388
22267673
22278839
22279183
22293217
22301027
22321770
22321771
22354921
22360370
22360412
22372854
22405170
22409319
22412059
22418630
22426266
22431852
22461557
22468811
22472396
22473797
22499466
22512748
22551032
22594138
22649818
22672850
22672852
23450202
22474192
22508158
22508749
22558871
22958238
22441768
21794950
21936029
22190465
22258346
22262350
22289872
22290405
22290948
22298089
22301607
22301615
22371889
22402170
22406296
22424900
22427494
22445203
22468996
22476273
22476277
22476278
22476286
22484010
22495812
22498638
22540301
22547310
22552243
22585325
22588658
22616966
22712142
22729193
22876085
22933861
22949901
23326897
25123206
22556101
22177970
22559011
22571819
22605853
22571633
22378792
22583397
22591268
22243897
22548800
22441318
22531493
22636832
22640172
23752359
22958425
21938539
21943832
22136747
22306098
22361457
22383443
22391542
22398652
22409477
22411613
22433794
22433924
22440331
22472744
22490957
22498229
22500522
22503848
22504808
22504814
22531096
22531346
22531349
22533919
22542720
22543511
22554901
22560631
22561707
22561724
22566020
22607707
22608207
22610025
22697155
22702523
22715866
22720275
22748626
22768783
22787917
22674929
22537987
22682287
22797453
22748233
22081497
22167256
22398198
22444687
22450732
22491338
22508299
22518873
22522680
22522894
22525304
22536816
22544268
22563775
22572612
22578765
22579140
22595318
22633277
22633279
22657531
22658237
22703445
22710578
22722593
22764024
22766083
22766084
22778788
22792529
22800937
22803022
22813801
22814157
22842600
22855874
22855875
22855876
22855877
22855879
22962914
23023352
23730314
22747711
22761206
22860372
22944235
21882301
21919997
21982209
22078941
22161290
22209696
22210266
22221036
22283873
22284952
22387347
22398929
22404319
22420783
22463792
22475569
22505356
22523271
22565213
22582062
22585070
22585229
22608489
22610922
22614522
22615245
22615253
22615287
22640181
22644020
22644023
22672504
22675134
22677262
22682643
22683398
22692587
22692737
22708825
22710106
22726419
22732575
22738611
22752857
22752858
22752859
22752860
22752861
22752862
22752863
22752864
22752865
22752866
22752867
22752868
22752869
22752870
22752871
22763792
22765891
22792862
22840230
22842890
22854381
22859801
22913353
22913354
22926117
22935207
22937601
22953466
23082450
23096544
23096554
23307517
23307522
22856652
22966484
22761477
22878997
22812377
22620974
22646696
23071973
22827463
22910967
22937528
22969206
22969212
22152686
22153847
22314411
22327373
22350440
22395187
22450740
22482752
22503999
22504002
22526797
22563022
22573259
22574673
22580916
22595914
22608238
22661574
22689818
22706062
22718938
22727824
22732923
22733075
22747490
22760042
22771183
22779779
22787196
22795136
22798376
22809554
22852871
22874805
22899591
22899745
22950071
22951881
22951884
23010339
23018008
23050347
23101426
23362591
23483861
23687578
22826000
22543189
22888139
23611947
23006222
23045940
23234043
22133277
22152928
22226073
22285711
22441775
22527876
22576711
22700831
22700832
22705462
22723601
22726461
22776251
22781139
22784871
22802252
22821199
22837319
22850511
22851750
22858373
22902081
22940065
22941733
22947650
22951303
22951306
22959627
22961023
22961024
23017180
23021413
23024710
23026914
23032651
23034604
23058147
23075246
23082877
23090736
23110263
23153414
23159238
23163311
23183468
23208871
23282496
23484577
27785209
23088039
26257907
23043720
22554764
23882375
24833936
23088680
23093385
23227675
23112256
23113897
22334221
22442166
22577120
22591620
22706512
22718155
22752150
22843784
22849881
22863358
22869573
22878397
22885331
22890996
22895082
22908175
22921930
22923402
22923404
22939096
22952270
22964250
22966967
22972525
22982259
22984261
22989714
22999697
23010681
23021129
23021304
23022370
23037903
23041803
23041806
23041807
23041808
23041818
23081698
23084763
23114440
23127729
23127731
23127735
23152733
23152734
23154594
23160295
23206299
23212865
23311278
23469412
23767195
23767199
23127327
23136936
22682200
22243836
23148568
23166167
23169808
22315485
22340660
22541736
22572458
22806618
22813084
22814877
22822243
22847629
22865382
22899803
22899806
22906918
22911648
22918999
22925279
22972865
22972866
22986214
22990845
22990849
22993046
23001653
23007285
23009731
23015667
23017940
23025990
23027190
23036604
23039822
23041559
23045479
23045481
23047246
23052318
23054932
23061526
23062029
23101686
23101687
23116882
23121547
23121548
23121549
23121550
23121551
23121552
23121625
23128271
23143354
23143366
23143373
23143378
23151789
23211865
23221524
23231490
23248788
23253319
23280031
23342416
23370184
23390660
23444690
23569710
24294121
23908942
23217055
23356156
23234822
23241268
23220365
23362517
23259504
23259814
23261996
22475233
22508484
22695920
22717061
22717532
22797691
22803813
22818716
22894617
22898726
22946878
22966180
22998479
23010903
23011147
23020817
23024296
23026925
23041677
23041678
23042972
23052320
23086451
23095030
23100357
23103665
23104294
23107315
23111588
23115043
23132212
23135940
23143772
23147724
23148985
23158685
23182524
23207596
23207992
23222960
23228474
23233241
23252787
23253029
23253255
23254906
23260762
23268129
23271108
23277317
23279229
23302933
23320050
23349739
23349961
23356421
23359785
23364365
23379054
23405251
23427999
23435816
23437164
23469128
23469173
23484044
23484083
23505476
23527018
23555883
23570023
23586062
23641291
23653946
23654056
23658511
23734349
23743366
23748655
23776832
23796582
23812197
23814301
23814355
23814528
23874016
23888607
23935501
23950727
23977836
23988581
23991532
24034773
24047734
24066231
24069636
24069637
24098137
24098139
24131955
24167425
24180138
24217035
24273901
24279951
24286078
24307989
24335204
24340558
24348232
24455335
24455336
24463907
24662179
24730214
24734423
24868954
24933996
25237683
25525499
23274229
23267070
23472693
24467987
23344455
23212273
23345958
23125448
23292259
23345475
23345501
23344312
23369393
23488112
23323865
23323867
22341752
22579261
22709532
22797874
22894159
22936588
23030627
23042967
23103666
23104495
23117471
23135837
23142989
23147742
23166192
23175261
23175269
23175653
23178420
23182075
23182843
23184347
23200729
23201396
23201398
23204422
23217732
23222730
23237784
23241874
23247066
23247509
23257307
23276500
23295554
23295555
23295558
23303781
23313026
23314671
23318479
23328770
23340779
23364497
23374160
23376915
23379974
23381074
23381076
23381077
23381078
23405923
23408892
23433373
23433387
23451705
23451730
23468820
23498135
23513633
23620115
25165542
23495493
23402325
23412439
23204167
23429029
23291177
23433315
23419530
23261530
22440891
22779907
22939418
22981165
22990298
23079287
23163886
23164689
23196956
23196957
23196958
23197677
23208832
23216880
23219779
23243306
23257018
23264053
23269736
23269743
23279299
23292781
23298230
23316931
23318494
23324518
23333862
23340064
23358398
23375705
23380575
23385241
23386229
23388363
23388366
23388367
23391870
23404267
23408260
23434948
23452899
23464997
23471449
23483414
23489808
23537410
23538181
23550305
23563012
23945831
26619449
26889434
23479594
23497714
23573537
23401405
23522431
23530807
23530876
24159295
23556059
22884494
22996384
23040489
23040603
23173772
23223589
23264511
23300235
23332619
23335421
23338015
23345300
23363829
23369467
23374290
23384826
23389929
23396338
23397963
23399483
23411363
23415540
23427910
23433867
23439232
23454525
23466915
23466922
23466923
23467074
23471038
23478808
23507210
23507211
23511135
23511459
23523477
23549617
23552318
23552320
23560922
23568920
23575124
23583163
23616951
23677156
23691703
23738471
23844515
23951727
24471299
24696896
32288678
23387933
23566553
23570927
23571589
28609034
24765494
23598937
23668179
23343607
23626782
23967398
23631918
23633313
22304334
22512739
22906560
23108084
23325435
23354280
23408679
23415847
23429695
23442832
23447638
23478961
23489738
23498177
23511956
23526401
23571361
23571362
23571372
23571373
23571379
23572451
23590125
23592854
23592855
23599026
23600697
23601208
23622704
23622740
23627849
23639085
23667848
23675301
23675309
23686774
23697508
23726735
23763047
23814791
23888728
23171688
23466248
23471307
23645153
23878765
23647647
23648955
23648956
23648957
23651562
23359592
23420904
23420906
23691061
23691138
23689775
23689777
23704976
23879144
23947094
24348885
23718168
23718169
23718170
23718171
23718172
23419821
23728658
22712697
23199700
23219675
23306854
