30567894
30563905
30619164
30561395
30557401
30392779
30619776
30568976
30542069
30541524
30540857
30555805
30526683
30369719
30544560
30531960
30574133
30574127
30568907
30521551
30354950
30517148
30517094
30564210
30564207
30619913
30509196
30817879
30810901
30670891
30627262
30600733
30577266
30566315
30555133
30536648
30463718
30397939
30348236
30322417
30311514
30307842
30297117
30296499
30296190
30292821
30290246
30273671
30267893
30267836
30261271
30260412
30242543
30238356
30238342
30232129
30228097
30218939
30208386
30208383
30203332
30201779
30201540
30199584
30178230
30155958
30144431
30118894
30114442
30099125
30096588
30053486
30029809
30025934
30011107
30009944
29928848
29876691
29873678
29779687
29746725
29698754
30631256
29860526
29846539
30243015
30275012
30266804
30701812
30524414
30463926
30379538
30451870
30532567
30662590
30460321
30445773
30480772
30084939
29771298
30420658
30413451
30403746
30450116
30681656
30451228
30450088
30388112
29672211
29667487
29580065
31033407
30488039
30452339
30430993
30430009
30419580
30392450
30384951
30384950
30384948
30384836
30380384
30343827
30328061
30300561
30291882
30289097
30286029
30265174
30265170
30256744
30253813
30231949
30226126
30226124
30220230
30216124
30198350
30195542
30190105
30183336
30178298
30170735
30158195
30154172
30150259
30145248
30144118
30138161
30125399
30120646
30120528
30099637
30094621
30074110
30073433
30066424
30066347
30042035
30025704
30022364
30021693
29967968
29964142
29957893
29803808
29454848
29290497
29104129
32004154
29590322
30386594
30373736
30416488
30464538
30410481
30410474
30483042
30356168
30355985
30355801
30355665
30405630
30346947
30107111
30405545
30386321
30329228
30386308
30357061
29659753
30317194
30314434
30312414
30309347
30405910
30307139
30356740
30320222
30301467
30285209
30278071
31007627
30731524
30675324
30485888
30311778
30302353
30295246
30288286
30285751
30285271
30245786
30227108
30221898
30216649
30209931
30204556
30198756
30186366
30172297
30160646
30138164
30136047
30072777
30071147
30069921
30068737
30061286
30055220
30012758
30009869
29982502
29981838
29964276
29959036
29944928
29940245
29904993
29901551
29886050
29883627
29859941
29859742
29859665
29859301
29803592
29801963
29746874
29730161
29689301
29654837
29604353
29524654
29505879
29445826
28714381
28178876
30265691
29617739
30533668
30363711
30257648
30172633
29990306
30345122
30249047
29868851
30800954
30080379
30855763
30327675
30227892
30181275
30224751
30224677
30078820
29990469
29659747
30258415
30208103
30214488
30208456
30178042
30202057
30245677
30205510
30139804
30817102
30233548
30185513
30130717
29860105
30186621
30246002
30688931
30401997
30370137
30320163
30246762
30238771
30235108
30226128
30209927
30209919
30209913
30208195
30206435
30200134
30185290
30173875
30173851
30159045
30153786
30153780
30146033
30146022
30139725
30126577
30126571
30124193
30102183
30098619
30094031
30085003
30060776
30060770
30052706
30052178
30025913
30025912
29997201
29978303
29960098
29945684
29939968
29934056
29926235
29894325
29807788
29802886
29800295
29789190
29788418
29779649
29779082
29757406
29687626
29675852
29665558
29655671
29620613
29619851
29605414
29594489
29573213
29564621
29548877
29408389
29385239
29317259
28943408
28644310
28497217
28217823
27457536
30233520
30214266
30170546
30161136
30156779
30153805
32775477
30151408
30186274
30131493
30127264
30126361
30125334
30155406
28575523
29538686
30147348
29858208
29760211
30154767
30140609
30133426
30280105
30004695
30089172
30131799
30027207
30082660
30081949
30174968
30127773
30071046
30617004
30534859
30327788
30290886
30151199
30124816
30091692
30080461
30075573
30047540
30041549
30036705
30031828
29961435
29936583
29936109
29915396
29907198
29905987
29903711
29902515
29898996
29890209
29889934
29880966
29880302
29880301
29866903
29864681
29859293
29848392
29844241
29797632
29779619
29769275
29746938
29729832
29725956
29718329
29702133
29685855
29678466
29674636
29650357
29604298
29570957
29555145
29497978
29476883
29475625
29470297
29454065
29410012
29408638
29408207
29392766
29321120
29258917
29246701
29174729
29138099
29030396
30108577
30108562
30061638
30059537
30093897
30054326
30048534
30087660
30040852
29449198
29858158
30830376
30046643
29768720
30036349
30057799
29735765
29794027
29722832
30002733
29984700
29977056
30022975
30057833
30013531
29617809
29370348
30522764
30522757
30462767
30429391
30223665
30145197
30093802
30090747
30090049
30013624
29970204
29957645
29883278
29863458
29851107
29800488
29795200
29748124
29743303
29739486
29733004
29720433
29708848
29708091
29701568
29695312
29695310
29690940
29688901
29686272
29684543
29668562
29655972
29644517
29627951
29597352
29571838
29567127
29532543
29532267
29505883
29463185
29452244
29404936
29378062
29349869
29329918
29229019
29150184
29146177
29104169
29066403
28930913
27837045
30181931
29966323
29959605
29860912
30057396
29950489
29950381
29950380
29941046
29988597
29941432
29933382
29971061
29967595
29914912
29913473
29346543
29985307
29946450
29863336
29632089
28953711
29977558
29946308
29895635
29894469
30112254
29942295
29886561
29930540
29882079
29928268
29880626
29972291
29866789
29793924
29894240
31331140
30766366
30747433
30263815
30083622
30083620
30083340
29924052
29890556
29879241
29876945
29870114
29865182
29858434
29857607
29857606
29857604
29807377
29759925
29758524
29709869
29686297
29680295
29661624
29655966
29651860
29644943
29643194
29632249
29627950
29627510
29621604
29618503
29611494
29604338
29594967
29587890
29571666
29563206
29534914
29521664
29518533
29512244
29501378
29497879
29478758
29456070
29424238
29395511
29395505
29373265
29363242
29356021
29323607
29272341
29205514
29190854
29128476
29045025
29042311
28693926
28689671
28583353
28420276
28397261
29868248
29854009
29849171
29896165
29813115
29991944
29676573
29528385
29875742
29795234
29794054
29529286
29272401
30142743
29759083
29748286
29862099
29746574
29868503
29867812
29867801
29738579
29868585
29724187
29966560
29904204
29804335
29796096
29760164
29750050
29748817
29740244
29730946
29691757
29691261
29684572
29667436
29614382
29601830
29578918
29578645
29555143
29553007
29553000
29552992
29549186
29547971
29536125
29533173
29530853
29530294
29514935
29501042
29496906
29491015
29490870
29487408
29485939
29485017
29483294
29483125
29483114
29467194
29463537
29462306
29439973
29428547
29427800
29413671
29411989
29408226
29405078
29401552
29370883
29363668
29360463
29342270
29309934
29306489
29305281
29290480
29274464
29274463
29273290
29269092
29208562
29170868
29169934
29065739
28219893
29854491
29760687
29760684
29703246
29701662
29843854
29694363
29674329
29670191
30344249
29666289
29360950
29149279
29713638
29713630
29504183
29626003
29653526
29649308
29099941
29692762
29642570
29562072
29355542
29670381
29567859
29621238
29606590
32309599
29670863
29385463
29182743
29112710
29872594
30157661
30126287
30057986
30057982
30024698
30024697
29977110
29910564
29849203
29808074
29743839
29743833
29720841
29718184
29680101
29667186
29616510
29599360
29582768
29576042
29569035
29564854
29553322
29545897
29540433
29534621
29517350
29508438
29503124
29493484
29490877
29487424
29486225
29478838
29463339
29462695
29457584
29446866
29439962
29439961
29428498
29427406
29427356
29417331
29408598
29408597
29408016
29398461
29391259
29383879
29367295
29349925
29337036
29305285
29299697
29290473
29285574
29253242
29237206
29236304
29229281
29174655
29169936
29169933
29128345
29126751
29105863
29058256
29037938
28923374
28811244
28734905
28714344
28569127
28539351
28372875
28279489
28089100
29623279
29600278
29594746
29636739
29588324
29635264
29572482
29566738
29554669
29562266
29462280
29136126
29069372
29593875
29616195
29615987
29188783
29559802
29564088
29529083
29523201
29535530
29509612
29556548
29928670
29507300
29507020
32313396
29702124
29678843
29617810
29600252
29595702
29552095
29552094
29529682
29511547
29508102
29498619
29464969
29460760
29450831
29443839
29443838
29441500
29427247
29421028
29413218
29413214
29413014
29410250
29397800
29393522
29390127
29390060
29375022
29368667
29363436
29352824
29305541
29289484
29273940
29273270
29273269
29272036
29269489
29269166
29269080
29237792
29237788
29237784
29229640
29198534
29195778
29173967
29170885
29169938
29157650
29122635
29050906
29031432
28939450
28851505
28830806
28411069
29513244
29503973
29411975
29480804
29486930
29474439
29484174
29682562
29606940
29459965
29459964
29459963
29040661
29670798
29452598
29425260
29451873
29462393
29462392
29462386
29331267
29447696
29447694
29444797
29438355
29607440
29020328
29020240
29930981
29426057
29473021
29437811
29420641
29487629
29437937
29434201
29437928
29637040
29459891
29396522
29247010
29922412
29637938
29578445
29479546
29479439
29465540
29450212
29435314
29431975
29410974
29409575
29406201
29401273
29384868
29378339
29374371
29366434
29353504
29336930
29336929
29336928
29331160
29324599
29322624
29321078
29309845
29301591
29300048
