31152523
31112663
31099740
31000128
30997304
30990401
30888537
30865166
30857451
30831222
30825430
30817073
30796747
30782635
30767313
30711862
30600140
31040222
31035948
30908029
31105648
31068915
31065549
31015451
31011826
31019721
31058158
31114261
30974891
30970547
31410079
30984476
30872533
31205937
31049364
30711888
31745014
31341572
30894749
30858006
30709819
30700507
30700505
30642906
30642900
30611080
30597695
30565799
30519748
30418409
29683956
35520740
31008079
30944880
30904962
30936853
30889794
30610078
30409598
31205868
31131098
30874943
30872786
30992711
30856202
30956988
30906291
30674459
30840628
31249208
31122100
31041284
31011268
30989862
30953429
30940315
30863692
30824790
30784633
30784620
30733116
30731092
30715343
30712762
30710886
30623882
30544192
30540558
30496858
30445247
30414351
30395485
30342929
30316964
30307807
30203689
29446057
30873145
30882773
30814604
30863379
30858839
30804494
30855571
30791948
30782131
30778155
30949206
30544035
30781432
30670300
30814987
30814921
30804820
30744266
30543889
30373074
30367988
30800131
30735540
30312926
31219090
30937345
30834075
30808442
30649337
30557585
30529715
30516310
30455248
30447612
30406698
30361807
30307748
30290202
29982173
29861289
29691072
29535222
30761104
30774411
30572705
30774392
30673614
30675188
30651557
30697202
30640938
30687703
30687282
30611241
32237697
31802688
31722138
31303655
31158047
31070988
31063088
31040573
30983806
30964713
30936672
30794051
30714464
30712505
30670140
30651869
30608907
30592251
30554240
30510071
30453162
30316006
30307547
30239257
30238162
30049605
29752866
29537905
27628134
29405821
30487369
30460850
34996276
30619123
30380104
30184106
30543779
30572386
30572383
30261194
30532257
30519925
30518356
30389666
31077117
30630301
30602087
30555135
30455202
30361974
30302521
30287127
30287125
30244396
30219675
30166187
30144637
29985875
30533843
30501091
30420041
30510543
30445997
30424821
30473684
30413894
31544889
30474624
30474049
33817107
30992135
30581780
30482153
30266330
30266327
30251950
30240843
30165934
30151777
30137651
30132137
30109832
30075254
30056554
30053626
30039873
29859183
29790845
29743001
29319752
28360379
30464552
30429838
30303013
30420851
30374933
30269917
30464540
30365535
30386437
30498537
30337749
30337568
30335814
30459717
30416659
30309010
30356845
30301858
30297695
30392326
31011389
30675330
30581262
30319866
30290960
30244733
30192713
30144555
30068737
30055976
30048255
30033383
30021824
30009969
29969587
29954493
29934223
29906636
29906540
29767678
29753223
29751923
29926707
30261008
29801599
30254126
30238231
29772356
30223526
29979033
30214719
30271388
30201900
30198487
29860105
30126990
27763815
30423098
30347915
30344581
30293960
30173823
30138054
30104448
30061757
30060169
30042006
30029052
30014811
29969087
29964206
29787978
29762756
29745302
29531194
30233544
30170539
30157961
30197635
30197634
30149494
30142163
30141522
30039813
30210545
30111705
29621708
30037478
29921601
30123205
30076360
29689333
30229118
30211194
30169854
30141957
30068560
29957175
29943713
29931463
29927109
29923475
29908961
29880081
29855597
29844234
29785663
29709688
29672980
29603538
29595080
29526213
29133155
30064366
30045699
29960802
30079059
30030387
30038503
30016317
29494982
29993024
29939431
29985435
29777720
30026734
29976878
30013545
30112140
30033406
30016470
30016289
29912703
29803469
29795200
29781799
29748997
29748124
29705426
29685983
29501823
29482996
29148915
29100875
29066021
31940304
30069259
29959541
29953425
29898979
29946048
29943167
29941875
29927916
29924970
29921672
29866849
29858013
29967601
29351583
29951050
29890699
33817085
29879965
29874233
29870564
30607324
29746643
30023370
29892101
29778183
29778048
29768238
29714159
29693541
29693161
29692296
29655379
29653723
29651696
29605531
29596880
29551646
29550124
29534604
29453862
29448013
29433998
29404675
29307861
29293941
29285573
29111483
29105163
28410921
31865290
30993249
29889185
29881380
29795617
29709966
29875765
29795312
29795186
29789961
29777316
29867840
29860812
29860811
29746835
29743642
29740005
29780362
29718935
29922609
29790462
29722697
29717158
29703354
29702254
29620488
29578062
29573124
29518497
29501836
29501802
29475870
29442808
29440368
29366889
28885460
28494614
28475437
29853867
29922239
29694500
29672646
29478905
29666289
29595954
29500254
29453260
29437962
29061520
29654279
29650970
29650580
29099941
29621296
29670590
29614121
29663937
29692577
29595412
29576347
29550166
29488864
29477730
29390100
29378707
29339461
29313242
29250873
29236304
29159689
29037938
28929202
28877767
28853989
28385040
29600284
29590182
30274433
30050634
29570602
29491243
29558450
29535176
29540734
29717292
29593668
29535202
29534721
29593678
29541156
29512951
29556221
29551996
29309918
29983517
29662849
29637750
29583113
29536830
29527456
29469038
29458535
29446686
29420446
29363445
29362824
29360566
29340896
29331460
29267960
29233677
29217465
29217418
29192342
29149625
28843417
27744547
29491452
29489863
29488034
29590642
29254859
29473887
28992610
29487585
29440574
29439741
29487571
29433444
29420641
29415691
29415075
29467730
35539625
30623055
29475651
29391619
29391040
29320234
29320233
29282610
29280312
29262293
29251673
29210349
29198740
29194994
29181886
29168553
29118177
29038087
29029149
28490580
29473015
29385143
29313353
29383497
29381693
29377961
29434579
29370828
29875953
29623093
29410651
29351935
29349705
29416958
29379483
29391815
29374895
29423048
29375374
29371861
29269393
29399361
29304144
29301876
29106651
30534913
30218158
30088147
30080332
29796032
29792153
29699808
29689670
29611484
29344358
29318984
29311457
29276660
29256316
29246337
29204286
29203365
29191979
29154198
29141986
29121443
29121442
29112318
29100990
29091543
29087624
29016188
28887202
28875940
28816527
28641525
28520499
28092699
27629779
26277207
29286297
32264567
29281630
29375556
29270233
28987444
28890194
28765005
28705515
28583306
28558984
29234070
29233899
29231810
29134812
29229976
31618180
29435422
29770061
29270160
29259590
29046309
30147424
29290231
29214491
29138083
29132613
29132604
29106325
29058340
29022243
29016338
28970221
28947259
28939442
28886559
28807622
28728309
28605848
28577398
28508699
27766891
29290845
29088530
29183395
29161250
29146903
29144452
29187844
29180991
29141346
29141342
29123067
29122007
29121863
29116010
29112955
28789934
28598765
30183835
29903206
29744120
29140236
29134117
29085137
28983914
28961759
28941777
28903182
28826780
28818557
28808162
28748516
28744569
28625530
28602988
28541454
28536926
28389276
28189512
28188118
28178108
27730684
29073283
29104565
29089931
29017253
29027919
29024643
29024638
28842484
29051753
28318301
28968393
29379598
29296272
29177089
29165756
29103267
29103266
29019315
28955635
28944419
28930004
28922029
28873671
28867636
28802838
28755871
28675605
28658607
28575304
28953940
28946856
28945748
28994778
28750143
28951355
28931073
28931025
28974944
28932390
28803475
28783414
30671327
28915922
28652301
28912547
28924496
28899344
28847968
28910926
29450094
28878891
28797729
28928724
29720071
29358549
29085601
29071279
29043212
28932711
28919170
28885920
28885918
28844213
28842214
28820132
28784551
28772238
28711269
28701483
28689895
28674052
28643490
28630074
28606485
28599915
28591819
28579426
28578266
28502651
28357881
32158991
28860257
28900429
28851846
28851288
28846684
28694104
28861073
28823367
28522322
28806780
28796834
28767653
29238460
29238458
29151079
28942832
28757024
28735965
28734511
28732128
28654862
28649137
28597303
28535823
28526638
28526589
28438642
28627567
28587925
28727722
28770177
28716138
28505584
28838152
28536105
28708077
28744259
28729860
28683780
28277944
29217934
29118939
28746227
28731727
28721849
28648270
28646435
28483960
28427794
28416464
28402677
28343946
28298258
27841958
28899313
31294175
28650995
28725563
28637484
28630433
28629407
28664152
28663747
28617325
28617307
28618272
28583187
28583153
28499553
28781945
28746042
28730135
28720951
28690880
28665628
28651684
28635589
28602163
28598348
28597684
28570610
28552617
28457602
28438393
28392317
28389893
28389211
28373192
28348056
28316932
28294081
28292540
28219825
28130242
28127899
28054368
27838822
28611956
28713514
28545528
28535747
27808599
27558288
28513559
28514661
28499446
28325837
28495762
28748023
28481331
28481286
27442607
28627855
28948960
28658760
28513418
28401466
28381477
28256031
28236643
28453565
28496443
28441432
28440329
28439072
28451440
28430783
28473810
28428292
28458662
28419165
28400860
28394930
28405178
28168305
28911679
28868246
28539715
28520998
28520997
28520995
28333314
28274731
28268178
28221718
28096156
28028611
28004519
27909896
27889528
27798771
27229186
28362863
29359693
27994213
28393050
28338066
28197578
28323855
28302076
33465933
28192710
28103015
28321389
28250429
28252026
28649069
28353464
28271671
28218003
28207293
28199151
28199144
28176523
28125923
28111714
28110669
28024833
28024611
27884799
27874211
27761725
27695910
27476815
27435639
28293234
