23933293
23835624
25264107
26101599
25257255
25210812
25229494
25648967
25250176
25349633
25226510
25086264
25192335
25056950
25023285
25204319
25187968
25187942
27873721
25672139
25518668
25412480
25386394
25382930
25341242
25312179
25312118
25229381
25111827
25097252
25072416
25048373
24966361
24958797
24935977
24889090
24406261
25174528
25242957
25171098
25197622
25191323
25287979
25136864
25469202
25127553
25093593
25023374
25802704
25530917
25121355
25022434
24951593
24913559
24909404
24828697
24804625
24793108
24724621
24488332
24103334
23914928
25136281
27025750
25047537
25036182
25035336
25032802
25028972
24534578
25022302
25028600
25006232
24958876
24993127
24990751
24990738
26563081
25230515
25136156
25087885
25026005
25008817
25006989
24983990
24973749
24880083
24867162
24794563
24790083
24759724
24755420
24733092
24726700
24115187
24836582
24995464
24949637
24943022
24914553
24856362
24907032
24905281
24863068
25180148
25134903
25120984
25110633
24944786
24891600
24798157
24711562
24709368
24702028
24698008
24676724
24671799
24659774
24656922
24643544
24549197
24286610
24028276
24865554
24844597
24886028
24876776
24886041
24702133
25147720
25075491
25059373
24995223
24879009
24822116
24750584
24661532
24661314
24636859
24595138
24588853
24565410
24549153
24532076
24460923
24457344
24452425
24398340
24342269
23797987
23710696
24766886
24762742
24609301
24736407
24722587
24721572
24721565
24718571
24583354
25371593
25705363
25237351
25182551
25111419
25035861
24980018
24851099
24795510
24749011
24721410
24713905
24693982
24680068
24673644
24613405
24591435
24522411
24509314
24487540
24452172
24440054
24430460
24421050
23910454
23890227
23320969
24684748
24522159
24650008
24688505
24559142
24480478
24446487
27873641
25002896
24577930
24532515
24528873
24495783
24468333
24458313
24445205
24425769
24418369
24403527
24403298
24387959
24379081
24328501
24313784
24131399
23689588
24587377
24587292
24587010
24568189
24555739
24499191
24453241
24551186
24522098
24551265
24518636
24528864
24521079
24516390
24499189
24581694
24566785
24478081
24478066
24394479
24343269
24335755
24333518
24272775
24252120
24248594
24227878
24118020
23990135
24398228
24324266
24498453
24615036
24478769
24376024
24358980
24783802
24516446
24516440
24454714
23904297
24424404
24413194
24282046
24410921
24416393
24416363
24416167
24239976
26761676
26445756
25629067
25536377
25506591
25483698
25469594
25405884
25386993
25298760
25276419
25276113
25147657
25135504
25056071
25033656
24883301
24877110
24861668
24838129
24799936
24711998
24695677
24660479
24637806
24632556
24490011
24453973
24453943
24399405
24399390
24390841
24300711
24189366
24126350
24111745
24071635
24055803
23561052
24391880
24455398
24367704
24385975
24367527
24334935
23993505
24351737
24349586
24332032
24330657
24277855
24236510
24349125
24321175
24330943
24363655
24295488
27873620
26118160
25848502
25848501
24992811
24689238
24605544
24522304
24385347
24376208
24337200
24289297
24207017
24185178
24168955
24157057
24140577
24120364
24118465
24109226
24101689
24089578
24060976
24048539
24012542
23992563
23985969
23844849
23754709
23744033
23433204
23425681
24324933
24060408
24278267
24257434
24260541
24516418
24244685
24167293
24517950
24416925
24289439
24215700
24033533
24016483
24002059
23985919
23924661
23920226
23893919
23812827
23760599
23748967
22653870
24194646
24082120
24506024
24140808
24008913
24570797
24090466
26060624
24432507
24417087
24377993
24302834
24159076
24106190
24098297
24086068
24075344
24026463
23969514
23947819
23942707
23938305
23918286
23884998
23876800
23872186
23871456
23852945
23831943
23828894
23800597
23727162
23639597
23538526
23211606
24060206
23887873
24029753
24028603
24025841
24040117
29043163
24040585
27873626
24757519
24437322
24432144
24288956
24288942
24109134
24037289
24037194
24011832
23960118
23918978
23909903
23886737
23867869
23867328
23850948
23811206
23767853
23761159
23753632
23151414
24065664
23940371
23684833
23957940
23955239
23943764
23764536
23542009
23951089
23919811
23940590
24579474
24423767
24248116
24039290
24020073
23963092
23936424
23930725
23913357
23905788
23879845
23877005
23870533
23863226
23832140
23817334
23811090
23796894
23775017
23763588
23761157
23753631
23749975
23747705
23721756
23710538
23666359
23547567
23361646
22989417
23583496
23936172
23908767
23899288
23936222
23935901
23680352
23864553
23875002
23727423
23711367
23707330
23684720
23829770
23847617
24851526
24257184
24152499
24100837
24024384
23997920
23961238
23862120
23851363
23834788
23832203
23815879
23798515
23763754
23731655
23663960
23649043
23570523
23435084
23216208
23114918
22996281
23919091
23684822
23805935
23818998
23644075
23785519
23792688
23761608
23758866
23755118
24159548
24125616
23825726
23817659
23811550
23763797
23642803
23585535
23543709
23541197
23536399
23528983
23524674
23602665
23603189
23698167
23704982
23704938
23631439
23691156
23684308
23641876
24159289
23608373
23656647
23653625
23638855
24000598
23646299
23617974
23567952
23567193
23547220
23541744
23498227
23494968
23483461
23456854
23453736
23378524
23067263
23046911
22800607
23658619
23637978
23594684
23534399
23521714
23474314
23619222
23535599
23589755
24425918
23833752
23799180
23670371
23620850
23586748
23552683
23488799
23474241
23461608
23421804
23419287
23415966
23393150
23335788
23283000
23206280
23190790
23176550
23537612
23102989
23092811
23506294
23487802
23417297
23401405
24498789
23517872
22874597
23510245
23466436
23559834
23555258
23554801
23489046
23483349
23482897
23455215
23424166
23410262
23380575
23336839
23318797
23291550
23284030
23277183
23274665
23264049
23264021
23249909
23201775
23193180
23192407
23117677
23083102
23083060
22903445
22677444
23414301
23262033
23391153
23250751
23682323
23450419
23440111
23395177
23329470
23324049
23318141
23305090
23230296
23222955
23175269
23070800
23044230
22939927
22906296
22894716
22364591
22361246
22268636
23294468
23220651
23164762
23351272
23348999
23346083
23273896
23256523
23123244
23122120
23103459
23312016
24829834
24564510
24564492
24490148
24372251
24364031
24348539
24246976
24130485
24073635
24066889
24040720
24039575
24000328
23985936
23819110
23754945
23724523
23710559
23678831
23661993
23648252
23633953
23570023
23534552
23518514
23509722
23508436
23505506
23481070
23481068
23469023
23468931
23463010
23451240
23409096
23405119
23390901
23360882
23360265
23326233
23317873
23261726
23256738
23246794
23246203
23243250
23237787
23222644
23199079
23182078
23138568
23132491
23115259
23104298
23019191
22818716
22205379
23235338
23234341
23234356
22749759
25145073
25145069
24293715
24159518
23593571
23336197
23290392
23165714
23124882
23115018
23045475
23030400
23001674
22982389
22932645
22841995
23181593
23231858
23171441
23101931
23069701
23203116
23041931
23162798
23472535
23413708
23367849
23285433
23231049
23178142
23178141
23158263
22995042
22960449
22936034
22899718
22891290
22890770
22878555
22858548
22762732
22724405
22559720
23114024
22858866
22951389
23078812
23035718
24082267
23455829
23302570
23241124
23159238
23134907
23082961
23076283
23035726
23023611
23009991
22978650
22967793
22955360
22858547
22855510
22850394
22821978
22802251
22734659
22728967
22707043
22700832
22672233
22300895
22244530
23186234
22847700
22503601
22980334
22958895
22951981
22583547
26038428
24471089
23997331
23570000
23281455
23198582
23170229
23091700
23082627
23082625
23076052
22958259
22950074
22932498
22923809
22911657
22907165
22906205
22887873
22863732
22842718
22818743
22814677
22789717
22760050
22622060
22582879
22562215
22546618
22467150
22040529
22939626
22919260
22820255
22318878
23904656
23214210
23077788
22832290
22818466
22739096
22713988
22705866
22685154
22628482
22608786
22566273
22556328
22553140
22496176
22314784
22207394
21534861
22842944
22736391
22713129
22658966
22654099
22793174
23359995
23293419
23198452
23082664
22915254
22832795
22824069
22776390
22740547
22730962
22713958
22690763
22623652
22579556
22575894
22571618
22552548
22548495
22526677
22522648
22516426
22516224
22512320
22483324
22307019
22480614
22583961
22708907
22542296
22704617
22919672
24159500
22702525
22665611
22632648
22632601
22582379
22572673
22572670
22560020
22547706
22541788
22442318
22431646
22410619
22406312
22397495
22339216
21976127
21901636
21740100
22699623
22606962
22635135
22497344
22574737
22338648
22437828
23077852
22587976
22555260
22537150
22530240
22523065
22506961
22506731
22474223
22409355
22370626
22345385
22344661
22083209
21987082
21713494
22540232
22534208
22015257
22520461
22520458
22244995
22505441
22321794
22343631
26591731
23542948
22800632
22800631
22565071
22551024
22488053
22459478
22401271
22353001
22329572
22322345
22307311
22283438
22277077
22268759
22266388
22252871
22247334
22199259
22177366
21992857
21744280
21699463
21676362
21635212
22321859
22490381
22337879
22388746
22958880
22424399
22423964
22423960
22407319
22265751
22712409
22755083
22624326
22613389
22611944
22561624
22524115
