32895862
32888117
32862049
32784063
32682632
32666297
32504369
32307555
31722813
31274005
32891820
33525644
33510212
33509305
33503052
33500552
33500335
33485326
32611986
33239379
33628183
33451348
33207502
32717546
33441861
33511162
33445776
33436764
33505372
33435466
33488558
33413552
33407134
33407128
36098111
35543609
34719317
34632833
34598408
34214707
34159880
34038321
33961219
33929110
33753594
33753589
33707018
33704754
33565393
33557671
33551691
33480553
33428928
33361818
33350905
33307120
33292146
33271208
33246306
33220914
33142584
33125995
33025732
33002609
32929595
32916136
32893879
32880768
32247893
33396622
33059364
33398951
33374175
33374116
33374682
33300339
32949906
33320909
33065145
33381005
33457119
33303953
33317082
33292877
33376503
33291504
33344265
33343678
33343530
33272255
33781069
33613909
33363792
33344069
33328383
33328381
33304162
33304126
33288190
33241234
33171414
33147077
33098930
33086104
33075674
33068859
33052001
33011046
33010360
32944716
32734024
32710175
32696421
32578013
32179871
31253055
33256629
33247119
33324697
33324585
33274309
33238955
33153770
33255327
33238111
33008822
33329470
33166460
32989087
32900828
33020158
32958716
33207794
32788427
32679496
32629046
33251359
33241146
33240394
33224990
33176677
33224248
33172998
33168871
32795243
32744162
31984416
33224253
32343765
33158452
33224119
33167357
32768848
31665255
33158078
33329465
33141859
33147882
33879442
33617049
33282242
33233250
33233107
33224508
33157353
33142506
33142503
33045169
33021590
32959765
32911076
32781117
32663631
32624341
32569743
32556325
32552414
32529941
32076933
33126904
33138004
32807755
33194793
33114404
33194790
32817086
33194798
31643749
31643239
31643230
31643191
33193150
33116683
33074100
33060743
32758946
32758621
32534094
32350866
33162972
33048937
33046808
32858455
32926786
33134361
33101415
33033129
33033128
33028681
33021951
32671943
33282699
33281350
33149859
33021318
33019492
32988538
32792040
32755600
32667876
32659314
32656891
32653436
32650283
32562811
32535632
32474336
32447013
31853641
33117724
32392456
32973295
32968012
32968005
32971739
32719031
32718957
33659416
33042862
33042146
32522747
33054258
33042117
32983629
32934294
33294772
32944267
33072628
32464399
32910786
32911854
32897426
32963655
32894198
32953847
32899918
32899396
32984370
32404021
33094959
32965499
32942223
32938282
32894435
32884421
32880588
32874120
32873733
32873241
32869315
32845316
32830918
32728873
32707152
32671734
32658364
32657447
32638560
32593967
32578291
32569257
32562546
32558991
32543787
32505835
32447432
32446727
32350738
32340468
32270380
31644654
31482407
32878036
32868357
32866204
32908585
32874669
32872252
32872099
32904261
32896894
32839412
32825408
32824952
32832813
32824772
32804926
32504909
32823484
32697939
32776938
33124351
32850478
32968683
32649908
34618971
32876467
32663462
32541830
32464569
32438098
32428974
32416355
32241215
31010962
32848839
32848725
32727466
32727381
32802515
32726928
32793177
33134741
32597175
32115541
32694655
32567308
32698425
32444475
32733942
32669464
32664940
32765193
32660555
32765004
32409578
32644999
32515955
32588628
32733394
32636430
32167008
32613458
32325115
32315702
32821354
32724629
32724577
32694956
32654768
32616234
32565694
32565692
32510692
32505512
32444999
32439543
32431271
32418127
32335940
32302860
32284563
32272217
32265091
32187137
32031907
32026192
31968426
31829434
32695089
32695071
32592577
32604882
32590971
32584799
32630490
32586275
31621824
32596619
32559225
32587791
32546842
32537731
32595614
32587537
32596358
32521829
32521658
32425046
32189378
32582049
32565829
32512756
32497076
32582565
32582195
32582090
32582057
32582040
32596649
32586945
32503736
32482258
32374688
32331667
32303819
32298181
32151909
32114171
32062018
32007775
31923724
31866575
31289994
31045439
32352513
32463817
32565814
32536908
32462544
32528425
32528437
32596386
32565813
32456087
32456007
32433838
32508838
32430466
32884924
32337752
32429425
32477290
32312399
32077179
32477304
32173534
32537095
32402280
32403297
32403276
32461915
32457744
32381044
32380969
32435231
32330386
32364094
31837224
32371134
31570038
32490694
32452706
32338634
32305005
32298529
32280983
32253427
32213334
32179576
32172978
32163758
32120067
32072409
31957253
31938959
31919671
31635627
31452218
32425541
32342176
32123035
32344601
32344510
32382275
32341933
32316585
32299485
32351902
32351488
32351473
32235056
32114238
32081801
32282860
32351672
32351993
32204588
32265456
32264846
32252626
32260067
32242070
32782740
32494347
32241466
32186495
32185906
32185892
32100456
32059894
32044688
32026288
32018066
31986412
31986063
31958765
31759863
30905752
32935506
32300339
32244550
32963886
32223306
32257392
32292395
32214324
31969425
31877366
32213870
32109366
32210046
32245071
31874341
32197354
31955059
31952611
32169051
32168962
32160875
32211344
32144305
32132604
32131529
33558912
33402940
32694777
32352710
32239814
32219123
32161913
32156328
32127778
32122607
32111324
32111319
32111306
32104294
31999364
31999240
31962180
31960688
31935357
31916499
31899325
31891794
31845120
31604059
31256390
32185144
32111217
32019702
32103729
32102708
32092125
32090978
31792074
32072329
31812649
34568758
32104018
32053625
35496022
32058024
32042060
32041522
31654796
32014043
31165140
32227764
32099844
31981554
31959970
31873204
31864916
31794937
31754824
31710244
31589475
31168590
30701304
31961431
32257369
31822425
31978153
31978132
31474698
31968014
31973036
31964739
31930784
32399124
32010736
31940920
32021326
31936874
31938738
31910229
32989410
32884951
32775128
32719216
32719207
32512665
32188388
32162260
32161018
32095437
32015679
31993142
31974760
31969010
31950006
31855540
31845486
31806503
31792428
31758238
31739261
31734155
31734154
31701580
31667599
31630794
31629796
31617656
31602717
31562551
31529306
31287754
31218507
31188520
31125598
31905812
31883513
31881845
31355414
31851807
31920639
31848280
31611271
31548276
31933646
31847423
31847247
31699894
31830135
31825977
31735025
31822779
31687662
31818261
31816068
31816067
31816066
31816065
31811109
31796063
31744876
32153710
31792267
31790418
32148681
32095056
31816179
31739750
31668193
31641840
31634814
31585153
31583437
31569014
31560973
31550576
31546438
31517452
31511336
31473892
31437702
31414511
31374260
31369341
31077861
31056339
31020476
30963783
30806162
31803537
31779589
29352598
29031690
31766664
31766493
31752992
31832223
31803157
31725799
31722995
31718545
31828116
31717976
31545890
31787934
31709015
31694551
32258202
31876213
31741737
31738701
31682221
31664785
31657504
31611994
31568654
31529470
31482204
31460790
31434720
31383999
31375249
31352670
31250458
31239540
31194282
31162724
31134722
30989355
31671639
31666594
31666137
31662429
31655899
31655628
31484720
31653077
31653014
31709198
31645551
31640646
31638574
31640120
31626667
31627449
30615105
31065712
31649628
31600505
31538793
31636904
31593573
31632102
31590691
31587689
31607050
31265885
32148670
31807546
31804202
31697369
31578543
31576432
31473175
31349432
31344276
31328829
31272742
31270891
31218775
31202410
31154582
31076805
30896041
30895316
30825306
31519769
31611869
31561510
31550826
31547035
31447125
31612673
31537849
31620100
31620098
31527028
31276953
31540194
31519889
30517612
31762893
31511045
31492657
31552254
31588192
31490933
31686867
31565107
35974907
32082526
31617758
31552830
31516358
31437351
31393487
31392942
31376513
31306984
31293117
31202925
31187413
31161440
31134290
30909843
30828985
31480462
31455648
31378536
31507544
31438919
31167904
31544161
31235255
31206156
31096131
31201277
31399369
31663057
31456756
31484266
31484260
31384741
31358239
31358238
31358237
31358236
31300286
31230883
30981626
30737042
30711317
30709728
30709726
31374081
31464899
31441879
31417051
31350258
31300120
31239204
31226006
31219001
31206167
31202657
31173179
31077497
31058777
31039338
31037346
30924299
31366939
31233597
31350523
31349568
31346012
33817162
31372321
31337784
31323053
31323805
31268447
31288806
31321030
33654806
33654805
31273097
31126987
31333622
31209035
31177772
30335135
31608866
31475175
31461583
31268120
31199225
31178419
31134711
31133519
31107206
31100315
31046618
31035145
31030270
31017343
30988059
30980722
30938032
30797373
30797330
30764957
30582887
30536550
30744870
31263372
31149791
31293552
31239376
31186130
31234808
31220112
31216343
30816414
31082211
31316564
30979838
35519892
31249630
31354311
31182034
31239729
31183159
31171618
31167343
31391981
31221039
31116403
31085111
31054865
31051187
30971465
30952342
30951727
30946984
30941540
30928856
30904939
30902857
30877056
30797012
30739247
30655036
30537070
30480810
30448527
29308661
31459983
31214556
31150394
31142259
31138750
31020303
31193711
31134363
31281498
31125314
31123874
31139721
31113989
31113377
31720048
31047673
31177662
31139264
35514853
31100244
30814130
31193102
32326929
31205690
31073209
31133859
31198422
31055592
30615126
31048673
31073272
30992346
31417036
31177449
31164190
