35174771
36908341
34453485
36817108
36776392
36755580
36741899
36713461
36713168
36704458
36704106
36687653
36687673
36686167
34998646
36643973
36601354
36632531
36619987
36618686
34931711
36589853
36589940
36591266
36508428
36477445
36506782
35149579
35147277
34458959
34058958
36532479
36467878
36504960
36466967
36478676
36409683
36452327
36425784
35600002
36419726
36406086
36342937
36405958
36439824
36386617
36335456
34979272
34184617
36386655
36386709
36386704
36389142
36389137
36339339
36339345
36338103
36329847
36310877
36277127
36275026
36274738
36274686
36267185
36204123
36225368
36245565
36211338
36212487
36204629
36204615
36187995
36187958
36203568
36159472
36157193
36160211
36067170
36133313
36118024
36048838
34727811
36118208
36091586
36093192
36090116
36090066
36046765
36093202
36093113
36090083
36071958
36061858
36051771
36046136
36045690
36034848
36034695
36033841
36016788
36016616
35979485
35979220
34781820
35967326
35937691
35935482
35935215
35898690
35910641
35903471
35903457
35802561
35872757
35873583
35873159
35865922
35859755
35909609
35218055
35125248
35845772
35837475
35837289
35795854
35814680
35800448
35799593
35795184
35757682
35218822
35774450
35774407
35769459
35287824
35093552
34933656
34921002
34840074
35711808
35694297
35721102
35694307
35609036
35669115
35668932
35663873
35663463
35656170
35656030
35603101
35601017
35646734
35634334
35633691
35812262
35637968
35601674
35603160
35600873
35090897
34852392
34482812
35572534
35571919
35571901
35528165
35571952
35559259
35652042
35449756
35464979
35464386
35464096
35445011
34979394
35433249
35337591
35240353
35217247
35118580
35042282
35033926
35007517
34822198
34809952
34223947
34105008
35433782
35402608
35422808
35422805
35399732
35386469
35378792
35399683
35721649
35392114
34915018
35341154
35294487
35372122
34978459
35330774
35330643
35280499
35308364
35280248
35310852
35308872
35251780
35217408
35198965
35194932
35104682
35063807
35044573
35030387
34907602
34735750
34477981
34350523
33982321
33864278
33839961
33648401
35281902
35216552
35212644
35251470
35202448
35281307
35273986
35273582
35202456
35193669
35073745
34936838
35265606
35265533
35265068
35214798
35098958
35085377
35206082
35183234
35519157
35252302
35214786
35177783
35177690
35119265
35242833
35208895
34871091
35237631
35237249
35208889
35214740
33993224
35223548
35223547
35222437
35215176
34989559
35211451
35211420
35135613
35228854
35207715
35178157
35130324
35130310
35186776
35185832
35185820
35215145
35186786
35185845
35115021
35400957
35241965
35129656
35129067
35102306
35092941
35049286
34920092
34919951
34872749
34857899
34857336
34768068
34653485
34600986
34482641
34370377
34128115
34081148
32744091
35204173
35214671
35158643
35091394
35089927
35087053
35154087
35082322
34788068
34935013
35163960
35097108
35063019
35127723
35045114
34669456
34586892
35118005
35071858
35055181
34494100
34896465
35095912
35013489
34999965
35071031
35069460
34997046
35069481
35011106
35127141
35058897
34983636
34881766
34980222
34979948
36070704
35861099
35854692
35759195
35759194
35759188
35638103
35398848
35314583
35221271
35178995
35130114
35087732
35048438
35037615
35024531
34932164
34931049
34924213
34918158
34902629
34870810
34851542
34838850
34784029
34762873
34751954
34700003
34619178
34600005
34424817
34252258
34133828
33409871
33167045
32268797
35052765
34468743
35004263
35062694
34987598
34673959
35009019
34908501
34908474
35010887
34933448
34903041
34809452
34726487
34724811
35012911
34946774
34930341
34838322
34528689
34528677
34374425
34975793
34945854
34910574
34748786
34583273
34247050
34960021
34961207
34925529
34893681
34734708
34426357
35185337
34957285
34950683
34950604
34876041
34926648
35220576
35083405
35002491
34988246
34927535
34904947
34901480
34889728
34860150
34792639
34754961
34737105
34714447
34664203
34628695
34571128
34560322
34524650
34515452
34392809
34268683
34251610
34224087
34187292
34152261
33452177
33406960
33208683
35355735
34917555
34739010
34900416
34824120
34303970
34888258
34887862
35018289
34950556
34793505
34550809
34524885
34726213
34835485
34753541
34704999
34636388
34245833
34842667
34772986
34534310
34804175
34762695
34830042
34550759
34819922
34836222
34661415
34543105
34805337
34804993
34694121
34669386
32592580
32584956
34957444
34835692
34790179
34779240
34760266
34730485
34695658
34671164
34651253
34637971
34630676
34608697
34519931
34517048
34508943
34488127
34464455
34298350
34081341
34050434
32698643
34550002
34494854
34450148
34777016
34730611
34777266
34711812
34744513
34822539
34760714
34705952
34491798
33823553
34674439
34822473
34721619
34120995
34828810
34745079
34672712
34832508
34744810
34664128
34542110
34515716
34398671
34721434
34721387
34424745
34722329
34790487
34721363
34648738
34645865
34644291
34492225
34712688
34681434
34679930
34712030
34683426
34675904
34675821
34650615
34606528
34602058
34682145
34340155
34772585
34763467
34666650
34665676
34665107
34597302
34507724
34491402
34478762
34389385
34280580
34267323
34265528
34261903
34148675
34137176
33570667
32935878
34593932
34681361
34641147
34588569
34587158
34678982
34678979
33611347
34555154
34553989
34638530
34621260
34571819
34355721
34659151
34603248
34567125
34575120
34521450
33824912
34579049
34319809
34574246
34540993
34499700
34472614
34557169
34557167
34579365
34576765
34480059
34479650
34474688
34106568
33758907
35544149
34516365
34466687
34430837
34430722
34427092
34399508
34311015
34292761
34272826
34265437
34258394
34255548
34245735
34235704
34157402
34117533
34058640
34021690
34000445
33960116
33949142
33738569
34576740
34531745
34463581
34313465
34527716
34468524
35369657
34512574
34512358
34437638
34578112
34346702
34259559
34572612
34165468
34431906
34409271
34489892
34489882
34489677
34443615
34442847
34490398
34485430
34485176
34483850
34145878
34102464
34444952
34443531
34422269
34314160
34418902
34444870
34421890
34354134
34341412
34341399
33399861
33044509
34804429
34435947
34427554
34355364
34258576
34217782
34139512
34116388
34110551
34087350
33985780
33845349
32169530
34401564
34324493
34436428
34366632
34385991
34381818
34381814
34381426
34320048
34360694
34301939
34294732
34134905
34292874
34227668
34271864
34391335
34335784
33647609
34356938
34356819
33313745
34356765
34322135
34307461
34238964
34361896
34356746
34232911
34230563
34225796
36606028
34267512
35532603
34910388
34671693
34320325
34296983
34277463
34262724
34247915
34245714
34112420
34075620
34057562
33913068
33906747
33905112
33848057
33666689
33660029
33620158
33569724
33541122
33099893
34316484
33878355
33508610
34234578
34126772
34182936
34202102
34202832
34202738
34041513
34201531
34161346
34222396
34220755
34204549
34140589
34138936
34222467
34203937
34152391
33774566
34102716
33675912
33636319
34208170
34111124
34022140
34250375
34211618
34201291
34201226
33977948
34099666
33858076
34085925
34150677
34149673
34078434
33856212
34367513
34205938
34197291
34136189
34130407
34107632
34095558
34092293
34089254
34061913
34056725
34037841
34014346
33991346
33905914
33871395
33862280
33753469
33752123
33722845
33566277
33495520
33436328
33314800
33188636
33033835
32940644
32524303
34072620
34057636
34124218
34071618
34043697
34030623
34122067
33970244
32239137
34067889
33649051
34017172
33989353
33901398
33689318
34055665
34054769
33909975
33976138
33971969
33966631
34066441
34017343
33152074
34694669
34602445
33968564
33945457
33766633
33724519
33689815
33608108
33582948
33485871
33429277
33419689
33408370
33404933
32934004
32441784
31216957
33996622
33930062
33996640
33996618
33927201
33925030
33323673
34055547
33925465
33906921
33885766
33922404
33888680
33994781
33968068
33883047
33750111
33874880
33865447
33865329
33948178
33858430
33493498
33615366
33372204
33927704
33794087
33912145
33868505
33385650
33835026
33831124
33629723
33917583
33901027
33873142
33869083
33865251
33862589
33830132
33826490
33813141
33795341
33773687
33754996
33746279
33746262
33731917
33601176
33581425
33578186
33556810
33544251
33492101
33186516
33186515
33859697
33783715
33841158
33314456
33758296
33751009
33743818
33360132
33816351
33808742
33808578
33761190
33742111
33803852
33736648
33802740
33809746
32970796
33790981
33723324
33595001
33483068
33160785
33725864
33712575
33711056
33707240
33145599
33786180
33686049
33676421
33658065
33498009
34907711
34275839
34151162
34151148
33997334
33935414
33815526
33815525
33796990
33680697
33641696
33606075
33591245
33573959
33524565
33359433
33307026
33270205
33168600
33129837
33092951
33070360
33030625
32856960
32780929
32240475
31148483
31137974
33652871
33717037
33732104
33629168
33620605
33671545
33619320
33681383
33603089
33328174
33679642
33671333
33593278
33352159
33643231
33613030
33670315
33643297
33497213
33039932
33643039
32700907
33634037
33614540
33614524
33613491
33542335
33541292
33659770
33546364
33472364
33381802
34151144
33844799
33729135
33614977
33551026
33550574
33518368
33518075
33452891
33417534
33410957
33260016
33157097
33030749
