28248685
28245817
27990010
28289408
28222761
28222186
28469461
28230522
27385615
28192483
28208681
28239557
28231673
28051856
28115697
27927680
28165371
27974466
28152988
28775818
28476971
28443228
28384882
28266285
28222842
28207509
28146281
28116567
28116471
28098543
28010770
27974538
27865953
27860045
27645300
27666981
28134784
27169940
28091598
27803169
28060810
27881679
28056944
27819524
34308157
30695487
30695482
30561938
30034678
29760757
29760753
29317795
29260747
29256205
29234391
29082265
28656051
28603782
28600761
28480403
28326205
28321350
28197924
28070317
28008711
27989610
27919742
27914960
27914957
27905092
27864644
27837491
27837483
27822867
27807696
27795338
27783408
27776263
27707993
27664045
27558838
27347720
28036349
27558432
28028547
27889262
27543841
27940632
27770024
28057113
27707764
27581434
29741856
28955953
28053842
27931682
27916940
27870195
27858378
27774718
27720206
27694049
27693908
27638313
27620866
27616205
27498179
27448494
27121465
27031373
27013507
26407270
28348832
27965649
27942243
27710814
27920755
26902216
27871241
27917160
27863468
27452868
27891182
27849049
27842536
27891501
28072950
27827460
27834204
27821062
27819667
27814742
27812181
29901942
27767929
27767915
27766741
27657187
27655913
27655911
27655441
27442450
27312685
27193001
26945593
27796317
27812426
27822215
28210593
27697835
27591952
27765129
27378681
27380737
27795886
27774437
27766094
27527635
27527624
27694821
28149489
28149488
27934836
27891338
27648777
27544268
27534801
27528086
27494415
27460427
27357225
27297265
27245073
27056264
27043360
26992893
26960438
26042353
27686865
28480353
27766168
27747215
27795876
27673328
27725813
27673470
27708624
27497318
27445336
27606705
27603508
27600526
27599549
27487254
28283139
28283137
27917206
27770538
27693407
27671189
27655730
27581926
27556171
27533624
27532684
27532625
27425376
27407294
27400956
27307458
27288585
27188778
27145777
27139306
26429891
26407262
27576729
27594788
28348865
27402974
27317625
27040944
27513523
27516810
27384220
27494616
27280622
27490698
27185765
27483136
27706388
27463787
27311747
27302408
27271741
27246235
27220330
27216239
27215411
27208662
27180973
27164463
27093649
27090630
27039316
26709453
27473171
26908484
28930129
28536384
28154630
27555764
27045683
27452976
27376496
27698594
27447173
27425412
27489797
27435260
27427387
27478696
27414038
27411101
27400733
27176921
27114299
27193041
27146000
27374009
30581580
30148322
27546970
27525393
27510696
27458513
27412737
27297397
27282465
27279260
27268117
27267912
27259462
27233679
27165538
27147066
27106253
27038276
26859259
26833558
26385912
28348764
27357241
27349637
27349521
27363973
27336403
27306928
27303446
27277624
30755879
27267601
27161977
27642456
26979135
27131290
27436462
27366347
27301288
27191035
27107537
27091465
27068089
27056949
27048818
27041598
27037122
27028755
27020285
26984974
26970046
26130323
27572974
27227329
26945980
27216961
27195892
27242766
27182929
27043468
27171191
27148448
26922227
27114610
27499795
27487999
27314654
27188363
27106828
27081358
27033467
26996458
26947936
26946487
26921426
26875092
26742620
26631435
24311628
27199748
27118590
27078095
27186463
26806576
27147898
26918643
27419156
27148494
27087247
27078594
26749041
27080387
27073099
29770010
27092296
26936100
26878295
26865597
26865592
27175505
27087226
27074856
27050259
26982255
26923111
26914652
26903612
26903611
26831468
26806133
26724990
26424497
27066460
27065958
27572446
26999205
26780145
26679624
26513287
26971572
27014639
26966911
27014638
27014636
27572444
26937640
27217889
27004204
26932766
26917637
26867599
26861741
26843700
26843585
26805974
26774597
26774407
26768299
26762760
26682791
26679253
26674319
26654792
26612033
26551840
26469217
26927452
26927451
26913737
26900286
27303707
26908381
26879365
26904515
26904514
26904516
26904511
26844762
26742945
26776508
28098533
26999394
26922023
26849533
26843612
26843611
26838078
26746581
26745981
26723000
26708405
26706344
26700764
26655018
26644222
26538516
26518738
26503738
26496144
26481305
26478541
26381538
26165314
26114889
26045331
26863591
26822615
26821179
26741055
26858941
26828503
26808559
26802429
26834722
26784029
26913288
26666198
26858815
26779450
26742655
26731629
26729716
26729499
26728192
26615200
28042600
27994634
27648444
27642307
27557038
27493450
27473912
27473906
27460806
27431270
27340653
27322647
27299154
27294115
27266031
27261784
27076146
27061990
27013815
26963626
26963277
26894066
26860568
26735524
26712178
26641310
26616675
26602159
26563899
26525276
26521248
26480894
26435002
26353918
25978097
26779737
26717407
26676578
28348825
26677845
26669867
26697281
26697000
26656915
26632843
26248068
27337278
26640051
26573083
26484357
26464281
26454221
26439285
26422758
26403725
26401981
26377865
26341923
26311220
26027678
25921020
26649283
26623641
26608358
26501924
26340432
26584906
26428454
26302215
26556326
26530864
26913248
26528820
26688969
26484778
26417879
26382558
26358985
26342434
26330023
26324734
26315462
26297175
26210044
25640657
23625908
26375259
26508303
26243816
26473364
26470879
26469274
26300105
26909243
26817219
26758224
26758113
26719785
26606409
26470959
26361938
26254535
26119588
26096812
25591710
25553947
25384710
26288348
26232763
26392449
26378781
26441902
26428974
26468422
26378504
26352269
26441879
26400887
26193914
26762035
26829848
26442152
26442149
26408900
26302848
26296569
26202075
26195465
26142853
26123804
26116684
26025761
26021574
25586929
26464611
26313149
26313003
26162850
26305380
26102550
26134566
25951081
26282127
26283502
26269948
26235147
26248044
26238191
26714547
26697158
26518395
26473090
26357558
26349149
26272388
26159845
26135847
26117443
26054727
26020406
26003439
25980352
25936611
25936610
25930687
25776843
26227483
26227612
26284059
26274778
26458758
26227371
26197475
26164796
26142682
26136211
26849701
26629486
26542003
26328045
26194977
26117597
26110944
26079171
26058758
26033849
26016865
26002697
25944883
25926492
25912863
25897031
25895966
25869731
25761823
25753104
25583166
25567514
26206987
26106882
26056271
25777950
25590973
25936664
26068698
26042652
26042182
26039698
26473270
26466454
26339088
26205028
26185088
26166368
26114142
26029910
26025071
26004645
26004640
25998616
25978092
25970314
25912807
25813553
25743578
25727666
25708671
25700890
25495749
25487603
25266875
25241942
26074912
26021915
26015503
25816773
25991678
25989168
25853840
25819274
25973880
25999954
25999941
25946209
26744193
26521522
26323099
26044237
26004715
26004713
25998438
25911087
25900191
25897625
25897522
25896199
25802437
25802232
25797527
25758855
25740779
25737003
25735820
25724958
25222698
25143342
25920737
26690967
25902138
25953129
25504847
25848798
26211322
25837241
25773595
26211252
26026229
25883517
25835810
25829631
25778729
25724534
25714551
25713206
25667265
25651919
25644012
25627441
25621383
25593013
25557472
25416186
25384571
25148655
25811616
25816158
25852655
25799400
25794007
25763878
25814986
25768951
25881066
25741698
25763015
25738935
25738580
25736891
26036029
26016343
25954615
25949950
25743074
25658535
25656740
25625825
25596126
25588655
25588652
25568430
25548040
25542594
25541007
25532782
25484033
25461693
25328106
25326870
25293534
25252628
25244672
24945365
24939571
24801526
25762991
25634911
25887696
25700408
25699489
25500172
25482842
25588840
25569152
25916780
25793099
25664527
25459618
25699023
25485847
25461602
25710153
25650209
25625766
25528554
25523243
25469430
25428145
25291620
25252629
24916512
24831293
24763083
25717374
25629697
25583506
25617838
25616876
25763135
25612741
25622139
25590684
25273106
25376469
26242530
29927155
26782652
26727851
26676065
26642717
26591661
26540547
26525953
26516385
26327282
26282729
26122785
26102119
26028212
25901890
25891647
25873973
25865706
25862046
25861274
25857499
25821609
25789126
25768231
25745477
25735215
25716124
25715096
25715048
25705689
25673655
25653153
25615969
25609371
25583311
25581181
25575068
25567693
25563782
25553700
25553285
25474524
25434600
25432162
25399653
25394237
25374337
25368115
25355173
25353930
25339545
25331695
25313393
25199561
25093856
24617904
25551371
28357260
25540872
25514820
25423586
25500659
25500650
25932072
25780495
25448451
25342744
25456817
26171358
25895190
25776596
25599772
25455642
25446906
25389261
25308772
25282420
25264025
25261061
25199410
25178712
25138168
25085655
24989342
24890572
24559503
24534429
24534384
25918572
25723712
25405985
25405870
25246515
25216677
25390051
24836193
25441203
25441199
25441185
25205636
25375170
25379645
25378474
25365201
25484389
25361413
25305303
25230163
25114112
25103195
25102908
25023746
25020101
24833541
24116713
25445584
25359907
25124277
25124035
25132545
25327486
25141906
25310650
25477917
25299335
25246571
25286253
24998876
25422547
25361185
25341818
25341812
25289136
25283727
25278392
25271406
25193391
25180233
25163594
25112477
25101554
25079690
25056906
25037040
24958238
24958237
24944234
24929880
24892423
24621195
24429583
