24470956
24475355
24475358
24475919
24476498
24476545
24477886
24478098
24478449
24479091
24479847
24480063
24484531
24484731
24485764
24489755
24490092
24491119
24492361
24492370
24493994
24496344
24496345
24498649
24498985
24499172
24502062
24502159
24502167
24506716
24506718
24507396
24508455
24510431
24511262
24512210
24513137
24513356
24513484
24513485
24514083
24514097
24516423
24516451
24516674
24518624
24520734
24520754
24520822
24521856
24524024
24524673
24525113
24525331
24526171
24527770
24529853
24529941
24531033
24531175
24532926
24533371
24534505
24535253
24535909
24548089
24549801
24550320
24550325
24550328
24551626
24551820
24552254
24552581
24558251
24558355
24558473
24559578
24559594
24561842
24563159
24566171
24566172
24566176
24567239
24567846
24568032
24569387
24571248
24571419
24572278
24574283
24574830
24574833
24577612
24577614
26060474
28989355
24580532
24581016
24582578
24583287
24583354
24585426
26740759
24588082
24589280
24591312
24592351
24592754
24592800
24592883
24594353
24595141
24595207
24599977
24601083
24602499
24602937
24602938
24602941
24602944
24602950
24602952
24602954
24602955
24606530
24607111
24607424
24610210
24610427
24610429
24614371
24614534
24617302
24619257
24619258
24621234
24624950
24625286
24626053
24626209
24629777
24631369
24631557
24633230
24633755
24634498
24635310
24636162
24636429
24637241
24637684
24637691
24637692
24639251
24639510
24642515
24643401
24646111
24647004
24647256
24648503
24648559
24649798
24650326
24651089
24652137
24653811
24653971
24657043
24657608
24657752
24658670
24662978
24664338
24664504
24664960
24666262
24666292
24667800
24669340
24669827
24669952
24670625
24671324
24673086
24674100
24674388
24675575
24677407
24677425
24678369
24678611
24679052
24679563
24682317
24684984
24685454
24687491
24687507
24687949
24688454
24688609
24695474
24696553
24696686
24698680
24701189
24701489
24703664
24703709
24704389
24705449
24706703
24713357
24713902
24713922
24713925
24720586
24721234
24722840
24724086
24724823
24725516
24729584
24731394
24731906
24733460
24733470
24737039
24739146
24739834
24739855
24740167
24742105
24743043
24745942
24746402
24746608
24746826
24747744
24748935
24749692
24750592
24751699
24752252
24752259
24752275
29930844
24756091
24756209
24757393
24757944
24759724
24759725
24762211
24762302
24762541
24762614
24766095
24767163
24767358
24767691
24768670
24768868
24771335
24772182
24772183
24777095
24777102
24780212
24780763
24784438
24786571
24789185
24790598
24790988
24791253
24792718
24793153
24794735
24794736
24794971
24795066
24795516
24796217
24797169
24797349
24797511
24797996
24798270
24800681
24802906
24803200
24804150
24804560
24805322
24806872
24808234
24808671
24810437
24811367
24812925
24813594
24813687
24813688
24813874
24814431
24819274
24820082
24820641
24821320
24822243
24823362
24823690
24824052
24824237
24826783
24827890
24829389
24829390
29930857
24835410
24841211
24841267
24841274
24841670
24844110
24844194
24844953
24847423
24850293
24851078
24851564
24852171
24852749
24855071
24855848
24858644
24858647
24858816
24860827
24861124
24861289
24863496
24863522
24864033
24865221
24866333
24867988
24870302
24871673
24871756
24876994
24878195
24879666
24879669
26798723
27873598
24881415
24882049
24883301
24884610
24885029
24885072
24885133
24885329
24886379
24887101
24888869
24888899
24890383
24890393
24890397
24894759
24896258
24899874
24902637
24903637
24904962
24905728
24907469
24907585
24908687
24908928
24910335
24913165
24913967
24914121
24914122
24914260
24915048
24916867
24916921
24917584
24923210
24925476
24928855
24929288
24929519
24929684
24930781
24930955
24931276
24931918
24932475
24932587
24934995
24939515
24939683
24940337
24940451
24942039
24942333
24942809
24943758
24944144
24945318
24948098
24948759
24949015
24950921
24951809
24951819
24952411
24952985
24954328
24955354
24955853
24956909
24956910
24957804
24957834
24958709
24958762
24959438
24959688
24960464
24961176
24961694
24964660
24965651
24967067
24967924
24968032
24968040
24968049
24968054
24969124
24969197
24969210
24969715
24970958
24972582
24974381
24979739
24980276
24980465
24980735
24980850
24981117
24982067
24982069
24982072
24982074
24983552
24983613
24985578
24985581
24987462
24988745
24990372
24990477
24991629
24992075
24993132
24993147
24994806
24996045
24996691
24998423
24999538
25001459
25002893
25005152
25007576
25008195
25009193
25011373
25014994
25015464
25015528
25016131
25017349
25017796
25020163
25022293
25022303
25022381
25022583
25022587
25022890
25023038
25023905
25024870
25024876
25026353
25026612
25026633
25026735
25027023
25027225
25027417
25030310
25031447
25031516
25033402
25035691
25037723
25037867
25038680
25038706
25039322
25041704
25043121
25045104
25045889
25049913
25051075
25051692
25051694
25053201
25053203
25053393
25059444
25059447
25061850
25063137
25066705
25068267
25070096
25070279
25071368
25073645
25074627
25075542
25081259
25082943
25085487
25085544
25085655
25087138
25092500
25092708
25093392
25093977
25096073
25096298
25098465
25098744
25098892
25100042
25100555
25100889
25102723
25102906
25103169
25103492
25105122
25105481
25107465
25108654
25111170
25113057
25114164
25115107
25116658
25116672
25118732
25120981
25120982
25121014
25123809
25123989
25124187
25124277
25124734
25126415
25127749
25128477
25131029
25132897
25132965
25134392
25134483
25134721
25135473
25135672
25135683
25136016
25140579
25140768
25142281
25143417
25143576
25144712
25146146
25146590
25147670
25147671
25149315
25151773
25152627
25152857
25157318
25162017
25163721
25165563
25168568
25169965
25169967
25173421
25173613
27873720
27873722
27873725
27873726
27873727
28664089
25174508
25175179
25176477
25177562
25178451
25179325
25179335
25179392
25179718
25180113
25180510
25181986
25182483
25182636
25182649
25183339
25183403
25184764
25185565
25186218
25189944
25190354
25190723
25193085
25193483
25194532
25195518
25195541
25196883
25199307
25199410
25199730
25200093
25202446
25203254
25204343
25210072
25212077
25212620
25213849
25215467
25216820
25216938
25217134
25217981
25218320
25218911
25222304
25223998
25224765
25225263
25232168
25232178
25233691
25234380
25234944
25237477
25237583
25237815
25239012
25239060
25240522
25241233
25242796
25245001
25246390
25246404
25246647
25246747
25247633
25248023
25248131
25252405
25254554
25256822
25257726
25257833
25258505
25259809
25260787
25261063
25261190
25261774
25262143
25264127
25265157
25266674
25267672
25268958
26842144
26842152
25269771
25270041
25270106
25271285
25275000
25275763
25277733
25278330
25279004
25280779
25280879
25283706
25284314
25285114
25285131
25285938
25286520
25288083
25288089
25288384
25291761
25291763
25293479
25293762
25295412
25295446
25297027
25298566
25298671
25298740
25299086
25299108
25301709
25304194
25304645
25305144
25307681
25307691
25308076
25308184
25308827
25309145
25309601
25309763
25310302
25310563
25310945
25312104
25312118
25312124
25312164
25313307
25313618
25315408
25319316
25319783
25324390
25324421
25326064
25326324
25326650
25327228
25327674
25328329
25329548
25329550
25333280
25333880
25335100
25335118
25336169
25338315
25338757
25339111
25339949
25340538
25340836
25340973
25341126
25341303
25343037
25344173
25344809
25347329
25347986
25348695
25351626
25351714
25352627
25354286
25356268
25356318
25356342
25356345
25356357
25358041
25359480
25360190
25360633
25361527
25362590
25365029
25366025
25366133
25366224
25366247
25367902
25367909
25368793
25371807
25375335
25375901
25378111
25378572
25379468
25380369
25380873
25382976
25383978
25384249
25385105
25385117
25386432
25389598
25390054
25390064
25392088
25395866
25398058
25398065
25398120
25398485
25403149
25403667
25404444
25405043
25405579
25406074
25407219
25409630
25411006
25411769
25412046
25412961
25416582
25417510
25417511
25417711
25417942
25418734
25419619
25420613
25420863
25420864
25421477
25423113
25425516
25425843
25426700
25426853
25428225
25428921
25428924
25428975
25430979
26930733
26930737
27873686
27873696
27873697
25435146
25435614
25437493
25438020
25438022
25438483
25440649
25441705
25442359
25442866
25442869
25442871
25442875
25443890
25444130
25444137
25444940
25445863
25446794
25446907
25447713
25447721
25449108
25449241
25449248
25450805
25450884
25451047
25451461
25452552
25453362
25454271
25454517
25455850
25456893
25459498
25462183
25462227
25465255
25465526
25466163
25468717
25468904
25469701
25469782
25469905
25469995
25471700
25473727
25476100
25477693
25477867
25477930
25478341
25478948
25480155
25480492
25481459
25481491
25483268
25483576
25487131
25487794
25487806
25489369
25491358
25491811
25491853
25492391
25492474
25493949
25495516
25498089
25498452
25498529
25499185
25500248
25500673
25503276
25504003
25504130
25504757
25505462
25512424
25517285
25518569
25520395
25522803
25523570
25523727
25523997
25525515
25526763
25528354
25529001
25530558
25530961
25532506
25532640
25533217
25533616
25534733
25534739
25534744
25536430
25537877
25538451
25538458
25540009
