25540345
25540349
25541337
25541751
25541995
25542047
25542048
25542226
25546491
25546843
25547265
25547817
25548444
25548718
25549365
25549405
25550714
25551428
26999960
27047618
27139353
27141634
27489682
28068029
28324518
28324519
28324559
29018660
30023180
25552187
25552359
25555043
25555624
25556628
25556771
25559958
25559999
25561339
25561881
25562041
25563575
25565574
25567693
25568179
25568434
27620144
25572932
25573939
25576895
25576985
25578301
25579151
25579287
25582669
25583073
25583711
25583717
25584278
25584802
25585163
25586681
25588650
25593250
25593914
25595166
25595510
25595706
25595755
25596781
25597275
25598264
25599940
25600841
25600890
25601024
25601745
25601995
25602475
25603336
25604710
25605867
25606041
25606471
25607829
25608586
25609230
25609371
25610647
25611273
25613692
25614101
25617417
25618648
25619215
25620375
25621933
25622962
25623204
25623509
25623636
25624354
25626166
25627762
25629061
25629622
25631274
25631595
25631676
25631812
25632322
25633080
25633390
25634143
25636192
25636848
25636924
25637095
25637857
25638292
25641126
25641468
25643011
25643272
25644946
25647446
25648217
25648354
25650075
25651179
25651907
25653031
25653395
25653401
25653413
25653949
25654957
25656290
25657770
25658520
25658543
25658550
25658574
25660077
25661253
25665468
25665889
25666113
25667169
25671032
25671097
25671611
25672045
25672184
25672407
25673588
25676712
25676738
25676900
25678373
25681067
25681128
25681152
25681227
25681321
25682024
25682279
25682280
25684004
25684423
25684452
25689527
25689539
25690848
25691478
25691593
25691628
25691629
25691640
25691645
25691646
25691651
25691848
25693612
25694527
25695559
25697339
25697677
25698310
25699499
25700566
25702288
25702524
25705573
25707874
25708550
25708671
25708896
25709431
25710326
25711690
25712531
25712807
25717021
25721060
25722615
25724954
27873645
25725804
25729723
25729741
25733503
25733505
25733586
25733612
25734101
25734148
25734903
25734924
25737024
25737092
25737397
25737824
25737983
25737990
25738592
25741336
25743762
25744116
25745144
25747780
25748405
25748553
25748749
25751658
25752203
25752460
25753632
25753646
25754051
25754742
25755002
25755890
25756041
25757514
25758700
25759034
25759432
25760831
25761857
25762772
25763134
25763661
25765342
25766005
25770745
25773400
25774279
25776607
25777982
25779010
25779587
25779642
25780416
25782055
25785141
25786816
25789121
25789473
25789871
25790504
25791254
25791941
25792115
25793123
25794144
25796741
25797971
25798828
25799421
25799818
25801062
25801185
25801259
25801560
25801565
25801572
25805210
25805899
25807080
25812463
25813819
25815166
25815282
25815530
25817352
25817408
25817994
25819035
25821088
25823233
25824208
25824214
25824224
25824225
25824633
25826179
25828291
25830029
25830726
25831090
25834737
25838134
25840715
25842374
25844440
25845862
25845871
25846404
25847459
25847903
25848403
25848520
25853214
25853484
25853778
25854768
25858032
25858231
25858784
25858833
25858845
25859453
25860078
25860472
25861820
25862702
25864510
25865067
25865971
25866374
25868167
25870591
25871643
25871808
25873580
25873918
25874300
25874387
25874924
25876631
25877400
25878348
25879036
25879927
25880308
25881620
25882764
25884080
25884449
25885132
25885133
25886267
25886859
25887288
25887416
25888379
25889951
25893665
25894837
25894901
25895603
25896611
25896686
25896694
25896708
25897100
25897961
25898416
25899343
25900159
25903147
25905047
25909482
25910041
29123745
25911991
25913649
25914088
25915520
25916061
25916905
25917963
25918153
25919860
25920320
25921729
25922418
25923082
25926236
25926895
25932324
25932437
25932453
25933115
25933288
25933455
25934068
25935286
25935630
25937257
25938261
25940506
25941215
25941224
25943130
25944532
25945596
25949057
25951089
25951099
25954256
25956930
25957564
25961308
25963338
25963495
25965504
25967999
25968331
25971969
25975648
25977423
25978768
25979640
25980050
25980051
25980052
25980353
25982027
25982250
25982731
25982912
25986909
25987619
25987630
25987635
25987637
25988236
25988911
25990806
25992930
25994165
25999015
25999942
26000025
26000649
26000652
26001064
26001616
26002138
26002498
26002539
26004211
26004702
26004705
26004714
26004715
26005388
26005932
26005936
26008802
26012149
26013691
26014687
26014928
26014931
26017037
26017191
26017897
26018684
26019195
26019560
26022442
26022794
26023209
26026972
27873660
27873663
26027477
26027916
26028178
26029910
26030609
26031914
26033721
26033723
26034816
26038017
26041453
26041640
26042091
26042153
26042992
26044236
26044477
26045209
26045285
26046018
26046128
26047502
26048133
26050019
26050473
26052327
26053992
26055361
26055384
26055385
26056157
26056379
26056382
26059458
26059626
26060277
26060922
26061151
26062812
26063052
26064922
26064923
26064962
26065463
26065469
26065630
26066555
26066584
26067658
26067824
26069427
26070032
26071568
26071569
26072990
26074910
26075080
26076363
26077154
26077249
26077252
26077758
26078454
26082853
26083225
26084313
26085469
26085613
26086228
26088525
26089425
26096434
26096579
26096812
26098395
26098488
26098505
26099612
26099646
26100704
26100712
26100713
26100894
26101140
26101532
26102102
26102297
26104141
26104358
26104867
26106377
26106476
26106487
26106957
26107622
26108006
26108020
26110464
26110660
28626722
26112852
26113052
26113219
26114551
26115863
26116385
26116453
26116560
26117306
26121651
26122577
26122674
26123442
27867208
26130622
26132360
26132495
26133357
26133908
26134473
26135860
26135892
26136061
26136072
26136397
26136735
26137078
26139002
26139286
26141109
26141415
26141495
26141897
26142901
26143591
26143920
26146621
26147150
26147151
26148040
26149749
27622821
26152543
26152913
26155678
26156065
26159072
26159275
26159309
26159529
26161011
26161476
26162565
26163587
26164275
26164974
26165131
26166322
26166545
26167826
26169401
26169405
26169410
26169413
26169415
26169555
26169556
26171402
26171888
26173689
26174583
26176307
26176425
26177023
26177547
26178070
26178306
26178922
26181636
26182813
26182814
26183574
26183852
26184804
26184918
26185273
26187464
26190386
26192973
26194126
26194952
26194977
26195508
26195513
26196384
26198414
26199326
26202122
26202124
26202763
26203334
26203651
26205853
26205860
26206846
26206847
26207318
26207392
26213620
32262586
26215780
26216264
26217333
26219671
26219948
26220641
26220969
26223356
26224840
26225428
26226385
26228623
26228640
26229345
26229758
26232747
26233663
26237422
26238469
26238567
26238862
26239064
26239074
26239978
26243173
26245014
26245311
26246963
26248208
26248247
26248380
26249343
26249567
26253805
26255889
26255892
26256838
26257712
26259921
26261087
26263298
26263824
26267032
26271718
26272557
26272608
26273265
26275225
26278669
26279962
26281786
26281810
26282408
26282410
26282422
26282497
26284059
26286268
26287275
26287432
26288841
26289307
26290955
26292309
26294290
26295262
26296382
26299180
26299351
26300651
26300858
26301114
26302798
26302848
26303718
26303940
26304687
26304950
26306955
26307465
26308279
26311842
26311861
26311862
26312255
26313117
26313278
26315482
26317428
26319226
26319590
26321667
26322292
26322872
26322874
27873708
27873711
27873712
27873714
28239263
28239265
29077378
26327124
26332098
26334306
26335352
26335447
26337889
26338858
26338860
26339575
26339599
26340563
26341707
26341757
26342337
26343252
26347372
26347570
26347723
26347725
26347731
26349116
26349119
26349659
26349819
26351485
26352201
26354347
26354356
26358222
26360883
26361367
26361664
26361843
26362517
26364845
26365983
26369267
26369370
26369975
26372115
26372914
26373674
26379000
26379907
26381651
26381746
26383657
26384242
26385145
26385366
26386029
26386745
26387064
26387446
26387690
26390730
26391381
26391612
26392255
26392482
26392495
26392511
26393150
26393496
26396967
26397128
26399907
26401404
26401654
26405529
26405674
26405829
26407326
26407352
26408816
26409059
26409063
26409744
26412173
26413058
26414183
26416333
26416781
26419383
26420166
26420254
26420967
26423244
26424068
26427879
26428108
26428974
26430049
26430050
26430451
26433479
26433746
26433784
26435282
26435942
26436831
26438075
26441391
26441869
26442153
26443643
26444248
26444702
26447923
26447939
26452096
26452549
26453148
26454059
26454221
26455382
26455489
26456106
26456388
26458226
26458278
26458280
26458969
26459212
26459892
26459897
26459902
26460891
26462815
26462989
26463362
26463667
26463900
26464061
26464143
26464771
26465746
26465812
26468359
26470418
26470441
26471352
26471477
26471769
26473153
26474119
26475946
26476390
26478520
26481506
26481631
26481922
26482302
26482307
26482308
26483990
26484384
26485012
26485437
26485653
26488563
26491715
26492511
26492860
26493511
26494365
26497742
26499423
26500905
26500909
26501916
26503189
26503660
26503667
26504518
26504755
26505306
26505351
26507147
26510272
26510516
26511299
26513341
26513905
26513931
26514941
26516962
26517496
26518051
26518052
26518064
26518949
26519850
29900712
26521267
26521704
26525287
26525794
26526183
26526298
