27839629
20953978
21083745
21145175
21287208
21288617
21696761
21719212
21739348
21740100
21744038
21766234
21802175
21805292
21855263
21877918
21879371
21901856
21904809
21906844
21908073
21912922
21915739
21918907
21944716
21951551
21976601
21979841
21983271
21984381
21986471
21988562
22016558
22030178
22034164
22041167
22065090
22066775
22072436
22092109
22093103
22100884
22105504
22126430
22136524
22150778
22153762
22153763
22154856
22154994
22155619
22155819
22159886
22160309
22176141
22176504
22178642
22178643
22182219
22192625
22193301
22193772
22196342
22198738
22200121
22203588
22203593
22203598
22204597
23762620
23772019
23908903
23990814
27350770
27418912
22209509
22209886
22210267
22210757
22212247
22215504
22220979
22223228
22226650
22230226
22230331
22232283
22233438
22237458
22237459
22238015
22238437
22241703
22244916
22246509
22248076
22248984
22249422
22252443
22252811
22252815
22252816
22257559
22259206
22259214
22262101
22262197
22264302
22265751
22268117
22268620
22271301
22274414
22277077
22277347
22280847
22282462
22284253
22285029
22285203
22285567
22287232
22289216
22290290
22290940
22290949
22290961
22290973
22290982
22296723
22300955
22301485
22301617
22307808
22322252
22322349
22324760
22327595
22328592
22330908
22330909
22330912
22330915
22330927
22332606
22334607
22336764
22337880
22337899
22337978
22341663
22341749
22341844
22343125
22345386
22349493
22354295
22364227
22365240
22366995
23917717
24744626
25338470
22377049
22378678
22379035
22381664
22381665
22382275
22383442
22383731
22384963
22388585
22390772
22391093
22391536
22391548
22394250
22395250
22401730
22403422
22404714
22405354
22408243
22410503
22414209
22416993
22418610
22420976
22421327
22422273
22423120
22425493
22428779
22430500
22430771
22430958
22430969
22431539
22431540
22433402
22434350
22438434
22444545
22445457
22445644
22446764
22448004
22448614
22449249
22450302
22450982
22450983
22456221
22460828
22461001
22461309
22461675
26182157
22463977
22464502
22466031
22467548
22467785
22468090
22472458
22475157
22476790
22481058
22481468
22483480
22483498
22483838
22484524
22488420
22490593
22491177
22491340
22491544
22491603
22492318
22493279
22493329
22497805
22498639
22499995
22505489
22506856
22506862
22507109
22507111
22508296
22509013
22510992
22511051
22511638
22512850
22514260
22516426
22516616
22517510
22518851
22519529
22520965
22521525
22524118
22524463
22526013
22526311
22526571
22532138
22532467
22533374
22534117
22534506
22534507
22535926
22536558
24470947
22537112
22537363
22540232
22541536
22542083
22543619
22544939
22545713
22546764
22546898
22547035
22547616
22547620
22547706
22548504
22548669
22551038
22552452
22554517
22559988
22561156
22561712
22561715
22561722
22561861
22562215
22563709
22564840
22565178
22566508
22566590
22572853
22573167
22573811
22575692
22576004
22577102
22577106
22577658
22578630
22578641
22578642
22579977
22580086
22580893
22583362
22583961
22585614
22585617
22588552
22594260
22594381
22604204
22606879
22608169
22609920
22610236
22610714
22612500
22616579
22617551
22622443
22622445
22624326
22624330
22624726
22627446
22628509
22633335
22633474
22634613
22639173
22639305
22642794
22643208
22644028
22644031
22644034
22649010
22651370
22653870
29062733
22656912
22662333
22664206
22671282
22675865
22676078
22677521
22678904
22683872
22684326
22685316
22687507
22687511
22689033
22689041
22690752
22691610
22692456
22694870
22697133
22700549
22700698
22700828
22702216
22702521
22703702
22704819
22705261
22706188
22706513
22706515
22707136
22707882
22710118
22711903
22713510
22713942
22715174
22715175
22717354
22717371
22717513
22718774
22718942
22721352
22722012
22722020
22722243
22723075
22723256
22727771
22728610
22729155
22729495
22729544
22732728
22732887
22733068
22733287
22733684
22736455
22736918
22738437
22740526
22742454
22742534
22742987
22743013
22744317
22744760
24031907
22747857
22748460
22749056
22749057
22749058
22749243
22751540
22751663
22752516
22754435
22754495
22754667
22757630
22757694
22759556
22759702
22759725
22759758
22760797
22763019
22763993
22766652
22767307
22768702
22771160
22772339
22773739
22774630
22776104
22776247
22776320
22778158
22778504
22779068
22779683
22779761
22781319
22782044
22782489
22784293
22785228
22786826
22791086
22791673
22795650
22796180
22796767
22796889
22800501
22802247
22802253
22806485
22807132
22809605
22809880
22810779
22814467
22814501
22817819
22817832
22817914
22817916
22817917
22820688
22821314
22821806
22825119
22825382
22825611
22826287
22827802
22830278
22831178
22832028
22832986
22832988
22833638
22834987
22836346
22840461
22840473
22840532
22843590
22843686
22844552
22845331
22850524
22852305
22852470
22854378
22854380
22855858
22865381
22865940
22868334
22869275
22869824
22870810
22871394
22879119
22882258
22882378
22882693
22882772
22884244
22884742
22885083
22885194
22886203
22893681
22897109
22898285
22900675
22901391
22902059
22903937
22904341
22905567
22905783
22906358
22908156
22908159
22908587
22908589
22909408
22911967
22913357
22913459
22913976
22913977
22914622
22915465
22916826
22918869
22918888
22923614
22924282
22925551
22926565
22927143
22927316
22929481
22931561
22932165
22936198
24688767
22937707
22938024
22939606
22939669
22943401
22945916
22947300
22947312
22948065
22949183
22950072
22950879
22951650
22951666
22952017
22958399
22958584
22958880
22959816
22960400
22960551
22960890
22961017
22963601
22964247
22964287
22967317
22968655
22969079
22971935
22972814
22972824
22974281
22974885
22975075
22975797
22978236
22978676
22980584
22982130
22982804
22982922
22984942
22986056
22987202
22987263
22988966
22989432
22991424
22991960
22991975
22992193
22992835
22992970
22995326
22995713
22997109
22997203
22997214
22997766
23000236
23001510
23002067
23002096
23006593
23008349
23010009
23010216
23010593
23011289
23012294
23013255
29334066
23019191
23019909
23022570
23023611
23024345
23025565
23027196
23028058
23029718
23030331
23030808
23030816
23031266
23034092
23034099
23034125
23034326
23034714
23035190
23036996
23039061
23040008
23040681
23040691
23042812
23043911
23043929
23044741
23045224
23045514
23046961
23047339
23052563
23053416
23059633
23060456
23061310
23061790
23063776
23065392
23067200
23070171
23070555
23070604
23070735
23072305
23072646
23074544
23076198
23076201
23077125
23078634
23079829
23079889
23080291
23083541
23088592
23089759
23089760
23093031
23093035
23096472
23097003
23099082
23100353
23101022
23101869
23103249
23104255
23105059
23112431
26038408
23114435
23114438
23114439
23114759
23114764
23114766
23114767
23114770
23116014
23116904
23118301
23118475
23123108
23123244
23124768
23125447
23127484
23127568
23128404
23129049
23129755
23131015
23131289
23131638
23134658
23137235
23138994
23142087
23142784
23143280
23143289
23143355
23143378
23146728
23147074
23147735
23148291
23148701
23150412
23152339
23152549
23153971
23154045
23154175
23155147
23155213
23158015
23158264
23158740
23159703
23161391
23161424
23163030
23163720
23166229
23166250
23168403
23168875
23169997
23170823
23170976
23171154
23171594
23173294
23175248
23176193
23179286
23180481
23182050
23182053
23182212
23185195
23188508
23188568
23188950
23190078
23192287
23192305
23194155
23194472
23194721
23196362
23198452
23198454
23199484
23199627
23200553
23200659
23201151
23201206
23201321
23201906
23204421
23206280
23209233
23210318
23210321
23214191
23215553
23218738
23218835
23221186
23221192
23221193
23221201
23223798
23224015
23225226
23228456
23228934
23229055
23229477
23229478
23231088
23231389
23233824
23234297
23234773
23235260
23235996
23242537
23242665
28299089
23249441
23250007
23251268
23251300
23252553
23252916
23253318
23254422
23254982
23254983
23255866
23259842
23259910
23260464
23261038
23261340
23261573
23261722
23261726
23262033
23263732
23265914
23267628
23267744
23268204
23268858
23271210
23273676
23274671
24640145
24730135
24757820
24764539
23278254
23282509
23285434
23287138
23287969
23288401
23288920
23289990
23291690
23291815
23295059
23295560
23295597
23295924
23295937
23296976
23297067
23297624
23301522
23302273
23302668
23302788
23302790
23303263
23303492
23305656
23306583
23307517
23312911
23313015
23313083
23313086
23313157
23313398
23315490
23317730
23318479
23318796
23318802
23319972
23321047
23326050
23326075
23326076
23327639
23328065
23330509
23330672
23331385
23332300
23332427
23333745
23334032
23334182
23334195
23334810
23335112
23336161
23336577
23342508
23342585
23345290
23346857
23347154
23347815
23348115
23348157
23349954
23351417
23351660
23352074
23354500
23356488
23356908
23357235
23357606
23357767
23357768
23357776
23357944
23360863
23361186
23363572
23363608
23363789
23370760
23371303
23374756
23375042
23375218
23375981
23377788
23379711
23380721
23380730
23381876
23382757
23382815
23383513
23385476
23386083
23388360
23388368
23389882
23390272
23390479
23393110
23398275
23398691
23402333
23402892
23403417
23403655
23405316
23405348
23405357
23407058
23407100
23407128
23408939
23409407
