28735318
28735313
28735050
28734723
28733150
28732788
28732013
28731269
28730700
28729208
28729207
28729206
28728202
28728189
28726622
28725056
28725045
28725038
28724953
28724454
28723269
28721248
28719657
28717120
28717029
28716362
28716360
28715380
28714754
28714399
28714207
28713357
28712369
28712134
28712131
28712037
28711559
28710611
28708476
28708458
28708308
28707597
28705960
28705769
28705669
28705666
28705583
28705499
28704596
28701170
28701159
28700049
28699775
28699768
28699251
28698913
28698782
28697755
28697016
28696228
28695756
28694104
28693930
28693691
28693659
28693656
28692914
28691772
28690534
28689923
28689873
28689800
28687975
28687683
28686663
28685153
28684959
28684582
28684580
28683717
28681972
28681941
28679413
28676713
28676686
28676118
28675109
28674573
30755959
28671568
28671537
28671150
28671080
28670975
28670570
28670346
28670301
28669836
28669814
28669567
28668693
28668692
28668690
28668656
28665176
28663538
28662657
28662528
28660131
28659886
28658101
28656747
28656506
28655818
28653930
28653924
28652313
28652301
28652231
28650688
28648647
28648624
28647219
28643488
28643188
28642945
28642142
28642140
28642139
28641525
28640352
28639934
28639165
28639164
28638412
28638248
28637339
28637087
28636666
28636609
28634354
28634345
28633677
28632788
28632753
28630687
28630686
28630202
28630188
28630178
28629970
28629728
28629366
28629229
28626539
28625983
28625025
28622363
28622312
28621642
28620254
28619154
28617330
28616744
28615935
28615687
28614982
28614623
28613963
28612024
28611290
28610832
28608671
28607024
28607019
28606644
28605923
28604843
28603227
28603226
28602703
28602387
28600792
28600633
28599670
28598078
28596829
28595383
28594635
28594345
28592552
28591808
28591237
28590820
28588123
28587870
28587559
28587443
28587316
28586386
28585611
28585158
28584435
28584153
28584137
28583886
28583831
28583381
28583153
28582401
28580804
28579608
28579346
28579332
28578554
28578550
28576742
28576553
28575064
28573847
28573239
28572684
28571980
28570982
28567543
28566738
28566732
33593022
30943173
28562752
28561790
28560183
28559578
28559250
28559247
28559001
28558707
28555574
28555403
28555063
28554994
28554055
28553414
28552890
28552832
28552659
28552617
28552471
28552109
28549809
28546116
28545444
28545438
28544570
28542496
28542162
28539039
28538846
28537547
28537028
28535946
28535790
28535606
28533769
28533535
28533245
28533243
28533232
28532467
28530185
28529273
28526792
28526566
28521338
28520983
28520867
28515629
28515602
28515215
28515091
28513809
28513576
28513176
28512626
28512093
28511383
28510991
28507488
28507322
28507118
28507112
28507106
28505562
28504094
28503496
28503324
28502784
28502345
28500792
28500337
28498924
28497241
28497048
28496015
28495757
28494709
28493939
28493028
28492700
28490008
28487855
28487676
28487071
28486840
28486697
28486169
28485710
28485357
28485087
28482925
28482836
28480442
28479139
28478200
28475792
28474713
28474347
28473912
28473488
28473487
28472722
28472479
28471105
28470337
28470248
28470147
28469117
28469079
28467437
28467172
28465626
28464731
28463513
28463215
28462854
28462151
28461318
28461314
28461023
28459411
28458799
28458756
28458673
28458661
28458485
28458208
28458051
28457370
28457027
28456930
28454769
28450951
28450933
28450045
28449738
28449650
28449019
28448954
28448526
28446900
28446899
28446177
28445009
28444224
28443385
28442305
28442293
28439602
28438945
28438940
28438939
28438930
28438685
28437685
28437612
28437231
28437228
28435070
28435019
28434558
31435254
28432369
28431850
28426403
28426165
28425875
28424761
28424676
28424241
28422471
28422067
28420276
28419869
28418318
28418313
28416558
28416544
28416381
28416134
28415997
28414678
28413484
28412407
28412380
28411141
28411005
28410511
28409871
28409125
28408060
28406366
28403759
28403683
28403640
28403050
28402698
28402509
28402500
28401466
28399890
28399424
28397615
28397613
28397262
28397101
28396849
28396550
28396549
28396547
28396494
28395861
28395597
28392922
28390963
28390962
28389354
28389093
28388651
28388065
28386286
28386246
28382951
28381268
28380066
28380016
28379126
28377180
28375698
28375518
28375514
28375512
28375030
28374117
28373195
28373185
28369471
28369424
28369341
28369261
28368664
28368366
28368076
28368074
28368073
28367880
28367095
28367048
28366827
28365324
28364792
28364624
30595869
29912484
28362935
28360152
28359546
28357923
28356109
28356079
28352667
28350901
28350183
28349307
28348868
28348858
28348840
28348155
28346512
28344408
28344161
28343384
28341427
28341097
28339675
28339623
28338799
28337187
28336608
28336324
28334288
28334005
28333331
28333323
28333189
28329737
28323016
28321310
28321214
28320728
28320716
28320039
28319520
28316780
28316608
28306387
28303839
28303831
28300698
28300674
28299769
28298903
28298454
28298206
28295617
28292167
28291698
28291671
28289030
28287720
28286833
28286165
28286141
28285868
28283523
28283020
28282434
28280486
28280056
28278272
28276993
28274205
28273700
28272554
28272077
28271673
28271653
28270040
28268024
28267783
28264910
28264851
28264844
28264839
28264751
28264703
28264656
28262674
28261931
28261570
28261184
28260794
28260534
28257904
28256474
28254605
28254253
28251730
28250772
28249997
28248002
28247727
28247627
28246361
32110688
30549907
29938999
28245276
28245252
28242720
28242667
28242665
28242197
28241755
28241513
28239782
28239084
28237725
28233784
28233479
28232430
28224769
28223861
28223459
28223386
28223379
28222811
28219824
28219823
28219296
28218303
28218240
28216018
28214159
28210888
28210248
28209835
28209322
28208858
28208528
28207234
28203549
28203427
28203232
28202493
28202116
28200000
28199647
28198411
28198170
28198105
28196423
28193666
28193648
28193564
28191865
28191374
28190396
28189734
28189284
28188653
28187270
28186697
28186242
28185802
28185686
28185222
28183754
28182358
28182124
28181409
28181300
28181033
28180225
28177973
28177070
28176849
28176791
28176481
28168215
28167688
28167564
28167556
28167555
28167551
28167549
28167547
28167541
28166708
28163480
28163137
28161488
28161461
28161293
28161098
28158526
28158470
28156004
28154813
28154286
28153891
28153885
28153582
28152085
28150578
28149229
28148263
28146621
28144393
28143787
28143490
31723613
30464740
30264957
28139542
28139431
28139430
28139276
28138943
28138860
28137940
28137818
28137811
28135647
28135336
28135233
28134988
28134443
28133574
28132768
28125817
28124025
28122913
28120024
28119670
28119479
28119141
28118859
28118564
28117818
28115902
28115349
28115343
28112335
28111326
28109845
28109554
28108677
28107857
28107434
28106375
28105127
28104340
28103139
28102754
28102514
28101156
28099062
28098536
28098124
28097633
28096418
28096073
28095182
28095119
28092405
28090384
28089736
28089718
28088768
28087620
28087454
28087318
28085074
28082142
28081902
28081233
28081211
28081065
28080916
28078492
28077671
28076662
28074841
28074126
28073969
28073965
28072891
28071193
28070570
28070047
28069656
28069649
28069328
28066700
30993245
28062884
28062742
28062317
28060441
28059506
28057656
28056827
28056728
28056559
28056067
28053586
28052846
28051952
28051951
28051232
28050335
28050072
28050045
28044137
28042660
28040869
28040467
28040408
34308159
31509663
30840377
30033974
29760757
28039276
28039104
28036314
28036312
28036311
28034294
28033847
28032258
28031433
28031261
28031204
28031201
28031200
28031071
28028618
28025699
28025119
28024537
28018869
28018316
28013508
28013264
28013258
28012933
28012683
28010768
28010058
28009779
28009321
28009252
28007847
28007519
28007308
28005691
28004732
28004519
28004034
28002481
28001368
28001222
27999665
27999046
27999016
27998866
27998750
27998670
27998571
27994915
27993969
27993526
27993423
27993422
27987443
27986722
27984780
27981921
27980729
27980379
27979956
27979951
27979420
27978802
27976700
27974860
27974734
27974589
27974041
27965935
27965626
27965456
27964935
27964724
27960388
27960208
27960207
27960064
27959904
27959542
27956424
27956216
27942542
27942358
27941735
27940944
27940521
27939886
27939808
27939572
27938628
27938381
27936860
27936266
27936055
27936054
27935927
27935843
27935770
27935649
27934850
27934829
27933141
27932638
27932112
27932084
27930849
27930839
27930527
27929082
27928632
27928448
27927163
27927090
27927087
27924940
27923703
27923418
27923372
27921337
27919902
27919898
27919513
27919287
27918882
27918447
27917834
27917692
27917346
27917275
27916936
27914962
27914678
27912841
27911257
27910828
27909821
27909624
27906145
27906139
27906136
27903240
27903130
27902404
27902401
27902381
27900513
33579062
30230747
27898030
27897435
27897220
27895637
27895516
27895127
27895014
27895009
27894780
27891222
27891118
27891050
27890667
27889252
27887765
27885293
27884784
27881539
27880708
27880707
27878781
27876276
27876187
27876028
27875555
27874971
27874136
27872643
27872110
27872078
27870879
27866944
27866753
27866607
27866488
27865627
27865626
27864804
27862429
27858954
27856076
27855770
27855076
27854516
27852233
27846254
27846056
27844447
27844305
27843749
