30458115
30457928
30457926
30457388
30455867
30455736
30455105
30453893
30452654
30451445
30451128
30451103
30449013
30447380
30447165
30445704
30445429
30445211
30445209
30445006
30444476
30443410
30440048
30439463
30439311
30431401
30431373
30430779
30430727
30428842
30427763
30426331
30426083
30425924
30425866
30425831
30425686
30425537
30424821
30423057
30423055
30423054
30423053
30423052
30423049
30423047
30423039
30422106
30420873
30420153
30416099
30415487
30415312
30414838
30414723
30410748
30410482
30410479
30407949
30407501
30407318
30406040
30405575
30404929
30404152
30403361
30399485
30399389
30397063
30396720
30396428
30395988
30395987
30395986
30395179
30394489
30392321
30392296
30392156
30390524
30387770
30387240
30386726
30385204
30385059
30383524
30381688
30381680
30381354
30380446
30380366
30378725
30378347
32004158
30376073
30376071
30374508
30374375
30374262
30373807
30373801
30373798
30372359
30371522
30371343
30370149
30369914
30367087
30364745
30364596
30364372
30364310
30363937
30361083
30356723
30356169
30352640
30351436
30351186
30350826
30349835
30349335
30349324
30348660
30348614
30346947
30346216
30345305
30345090
30344799
30344610
30344604
30343206
30340015
30339100
30338465
30338267
30338245
30338059
30337980
30337912
30337634
30335644
30325907
30324699
30323331
30323046
30323033
30323032
30321674
30318057
30317865
35547063
34996156
30316964
30316902
30316382
30316023
30315328
30314500
30312366
30309968
30304862
30304706
30304277
30303171
30302351
30301312
30300830
30300440
30299424
30298132
30298131
30298059
30297092
30297049
30296959
30296414
30296022
30295835
30295792
30295771
30294213
30294145
30293012
30292478
30288256
30288184
30288067
30287211
30285638
30284588
30283084
30282435
30278499
30277830
30275945
30275799
30275086
30273395
30273394
30273362
30272172
30270587
30270583
30270580
30270239
30269858
30268919
30268118
30268102
30267972
30267137
30266401
30265232
30263717
30261677
30259157
35548145
30256174
30256152
30255625
30255315
30254618
30254477
30253445
30252925
30250833
30250514
30249685
30248660
30245563
30244040
30244037
30243551
30242435
30240839
30240838
30240126
30239821
30239714
30239622
30237728
30236960
30235850
30235768
30235686
30235665
30234972
30234438
30233740
30233529
30232886
30232165
30230939
30229644
30227619
30227225
30224941
30224444
30223584
30221899
30220999
30219869
30219828
30219056
30217854
30217006
30214255
30214254
30214251
30213719
30212367
30212274
30210748
30210574
30209367
30208454
30208439
30207815
30205588
30205194
30204838
30204118
30203855
30202982
30202168
30199520
30197148
30194103
30192637
30191349
30189222
30188914
30186645
30186596
30186260
30186015
30185884
30185685
30185150
30185065
30184791
30184750
30183325
30182916
30181367
35548242
30177130
30177110
30176747
30176354
30176353
30174570
30173374
30172833
30172608
30172057
30171482
30171001
30170613
30170558
30169654
30169484
30168726
30168133
30166811
30165112
30165093
30160990
30159299
30158920
30157774
30155466
30155456
30154783
35546844
30152206
30151415
30150677
30150471
30150201
30150188
30150179
30150085
30149469
30149357
30149089
30147917
30147346
30145246
30144503
30144479
30143838
30143822
30143706
30143038
30142829
30142035
30141446
30141159
30137290
30136609
30135367
30135233
30134844
30133640
30133334
30131787
30131407
30130423
30129868
30129058
30128699
30128293
30128143
30126962
30126624
30125985
30124425
30124197
30123393
30117050
30116259
30116190
30115938
30114372
30113467
30113251
30112189
30112146
30111930
30111161
30109975
30109945
30109281
30108723
30108470
30107491
30106599
30105321
30104891
30104447
30103998
30103446
30101740
30101693
30101384
30100657
30100654
30100608
30100172
30099521
30098852
30097415
30097368
30097297
30097260
30096417
30091401
30091102
30087173
30087140
30086819
30086713
30086230
30085652
30084804
30084428
30083836
30083313
30081777
30081776
30081124
30080122
30079345
30078963
30078961
30077470
30076041
30074471
30072639
30072383
30071353
30071181
30071030
30069925
30069305
30069258
30069187
30068997
30068738
30067946
30065794
30065720
30065400
30064544
30064360
30063071
30061876
30061871
30061868
30061296
30061293
30060666
30060219
30060165
30059771
30058599
30058553
30058033
30056919
30056642
30053019
30053018
30050949
30050355
30049880
30047342
30046639
30046202
30043621
30042758
30042491
30042100
30041842
30041708
30038781
30038091
30038045
30038040
30036693
30034604
30034248
30034183
30033423
30033412
30033403
30032179
30031912
30030949
30030694
30030207
30029899
30029815
30029400
30028742
30027805
30027741
30027699
30026942
30026941
30026034
30025966
30024613
30024268
30023966
30022668
30022376
30021990
30021873
30021742
30021722
30021721
30020472
30019911
30018343
30017985
30017896
30017731
30017616
30016358
30016317
30014001
30012771
30012762
30012751
30012489
30012439
30011937
30010911
30010061
30009959
30008719
30008709
30006589
30006247
30006029
30005597
30004471
30004330
30004292
30003527
29997928
29997745
29996592
29992991
29992522
29992016
29991336
29991301
29990693
29990382
29988579
29987161
29987156
29986243
29986025
29985412
29985125
29984236
29983683
29982660
29982437
29981456
29981454
29980701
29980699
29980372
29980288
29979638
29978792
29977345
29976607
29976595
29976590
29976175
29976151
29975062
29974849
29973293
29972713
29972348
29970891
29969692
29967023
29967021
29966917
29966256
29964191
29964142
29963990
29963640
29963026
29962799
29962203
29961883
29961440
29960007
29959380
29958976
31940304
31940295
31940293
29958265
29958093
29958064
29953451
29953428
29951382
29951041
29950337
29950242
29948973
29948816
29948360
29947489
29944953
29944890
29942873
29942700
29942492
29941640
29941534
29940982
29940777
29940334
29939267
29939129
29937755
29936619
29935331
29934884
29934205
29932081
29930006
29929272
29928049
29927719
29927616
29927373
29926399
29925644
29925642
29923989
29923312
29922473
29922417
29920721
29916229
29915122
29914950
29914612
29913545
29912417
29912359
29911073
29910986
29910786
29910782
29909172
29908916
29907877
29907439
29907119
29906599
29906566
29906564
29906250
29905925
29905633
29904423
29902981
29899556
29899105
29898411
29897274
29896408
29895641
29894625
29893802
29892101
29891605
29891602
29891598
29891594
29891554
29890092
29889049
29888157
29886330
29885368
29884863
29884562
29883490
29882774
29881543
29879446
29876366
29876363
29876099
29875941
29873627
29873128
29872329
29872328
29870825
29869651
29867864
29867823
29866878
29866876
29866866
29866857
29866160
29865236
29862218
29860384
29859687
29858759
29855588
29855274
29854033
29853867
29853152
33601804
32185977
29852267
29850537
29849989
31865290
29847440
29847328
29846884
29845018
29844691
29844690
29844239
29844042
29844039
29812994
29812917
29808058
29807163
29806996
29804977
29804358
29804135
29802887
29800674
29800340
29799385
29798924
29798678
29798512
29797681
29796984
29796576
29795992
29792971
29792779
29791769
29790623
29788988
29787886
29787365
29784837
29784578
29782237
29782216
29782210
29781800
29781594
29780759
29778819
29778036
29777208
29775786
29774878
29774858
29774213
29773479
29772647
29769274
29768382
29768225
29768099
29765367
29765362
29764953
29764503
29763630
29761673
29760961
29760533
29760338
29760136
29760135
29757079
29753816
29753131
29753130
29751343
29751066
29748840
29747810
29747008
29744322
29744230
29744043
29743760
29742463
29740989
29740209
29738654
29736803
29735827
29735823
29735565
29733766
29733508
29733379
29732983
29731648
29731646
29731643
29731084
29730830
29730325
29729709
29727650
29727265
29726673
29724746
29724185
29723841
29721784
29719870
29719793
29718820
29718248
29717284
29716878
29716876
29713466
29713464
29712775
29712730
29712659
29712652
29709574
29708847
29708041
29707733
29707660
29707033
29706941
29706112
31851633
31851630
29704616
29701307
29700554
29698126
29696722
29693574
29692906
29692580
29692574
29692218
29691332
29690741
29690685
29689657
29689654
29688801
29688339
29686506
29686361
29685218
29684641
29684541
29684435
29684423
29684421
29683780
29682477
29679645
29679603
29678299
29675942
29675006
29674848
29673980
29673960
29673319
35541315
29672169
29671574
29671364
29671219
29670590
29669956
29669884
29668795
29667378
29665442
29664370
29663096
29662886
29662839
29661874
29659861
29657883
29657865
29657579
29657204
29656962
29656900
29654893
29654892
29654871
29653482
29653473
29652297
29651859
29651277
29649952
29649830
29648629
29644481
29643881
29643807
29642825
29642622
29642473
29641778
29641457
29637226
29637010
29636910
29636432
29636382
29636227
29633303
29633177
29633038
29632040
29631930
29630913
29628921
29626676
29626658
29626331
29625984
29625040
29624768
29624618
29624479
29623139
29622706
29622042
29621990
29621600
29621592
29618511
29618504
29618401
29618394
29617698
29617411
29616001
29615503
29615497
29615264
29615260
29615166
29614973
29611388
29610206
29610205
29609277
29608754
29608753
29608703
29608599
29607230
29605810
29605219
29604581
