29603371
29603034
29602878
31829991
31829990
29601195
29600655
29599157
29599151
29597242
29596903
29596902
29596032
29594840
29594544
29593918
29593660
29584568
29582834
29581074
29580930
29579238
29579235
29578083
29577993
29573336
29571841
29571840
29571838
29571503
29571292
29571291
29570870
29568806
29567889
29567733
29566581
29566151
29565634
29565231
29563975
29563934
29563908
29563724
29563719
29562944
29562745
29562340
29561258
29560706
29559578
29558475
29556441
29555630
29554215
29553327
29551999
29551728
29550501
29548716
29547971
29545778
29542304
29540306
29540262
29537694
29536051
29535199
29534655
29533742
29532655
29531451
29530808
29530709
29530587
29529970
29529677
29528743
29528312
29528007
29527517
29527200
29526959
29526940
29524670
29524455
29524172
29523910
29523611
29522975
29519514
29519511
29518688
29518198
29517825
29517630
29516509
29515566
29514937
29514462
29514208
29511071
29510283
29509136
29507587
29507068
29507065
29507064
29507063
29506629
29506266
29506074
29504385
29503635
29501823
29500254
29499757
29499316
29496860
29496315
29494706
29491640
29491235
32226119
29489447
29488590
29488550
29488547
29487244
29487034
29486831
29486805
29486233
29486226
29483779
29483120
29483115
29483109
29482462
29608197
29479519
29479347
29478336
29477802
29477653
29476983
29476898
29475122
29471690
29470491
29470473
31804997
31804991
31804984
31804978
29466395
29465589
29464657
29463546
29463536
29463185
29462235
29461656
29459053
29458684
29458540
29458443
29457734
29457249
29456981
29456942
29456071
29454913
29454247
29453210
29452500
29452198
29449883
29449171
29447024
29445494
29444730
29441188
29439974
29439957
29438717
29438274
29437622
29437618
29433582
29433440
29432869
29431605
29431031
29430379
29429570
29429440
29429073
29427764
29427709
29427687
29427523
29427191
29427091
29426774
29425114
29424684
29423216
29423099
29422890
29422888
29422424
29422290
29419620
29416285
29416274
29416121
29415264
29415185
29415120
29414724
29412797
29412181
29411729
29410367
29410253
29409993
29409967
29409829
29409447
29409044
29408227
29406727
29405745
29405135
29404282
29404182
29403463
29403215
29397462
29396692
29395563
29394981
29394894
29391816
29391471
29390582
29386620
29386265
29386161
29384621
29383330
29381692
29379330
29378721
33177025
29378381
29378342
29378030
29377998
29375490
29373960
29373768
29373087
29371372
29371104
29368993
29368992
29367505
29361813
29360804
29360567
29359842
29358148
29356380
29356236
29353051
29353046
29352801
29350134
29348965
29348433
29348081
29348071
29346538
29343795
29343312
29343037
29342994
29340588
29340060
29338931
29338592
29336224
29335877
29334903
29334239
29333051
29332105
29331370
29329652
29327210
29326662
29326011
29325684
29324657
29324651
29323901
29323230
29321996
29319515
29319505
29317913
29317760
29316830
29315344
29312894
29312831
29312660
29312259
29311088
29311069
29309948
29309947
29309652
29306443
29305959
29305718
29305504
29304717
29304312
29303020
29301903
29301590
29298353
29298323
29298099
29297957
29297821
29296273
29295691
29295525
29292008
31820712
31006742
29290098
29288723
29288646
29287337
29287070
29286054
29286017
29286008
29284613
32231938
29282792
29282569
29281191
29280857
29279453
29277527
29277142
29276607
29276104
29275396
29275225
29274461
29273737
29272439
29272413
29271736
29271381
29271345
29270160
29269489
29268520
29268397
29267233
29267137
29265963
29264094
29263684
29263683
29263073
29263067
29263066
29263065
29261270
29261254
29261091
29259134
29258740
29257080
29256546
29254862
29254478
29253209
29253153
29250670
29250040
29250038
29249216
29248513
29248504
29248295
29244630
29243150
29242763
29241362
29238934
29238932
29237086
29237003
29236574
29233256
29233221
29232335
29232167
29232103
29230684
29230010
29229976
29229880
29229643
29229637
29229634
29228202
29228178
29228168
29227744
29226698
29226171
29224318
29224317
29224313
29224300
29223608
29222409
29222105
29222035
29221995
29220374
29217187
29216954
29216940
29216824
29216563
29210169
29209821
29209595
29208540
29208405
29207958
29207869
29207434
29206750
29205138
29204285
29203664
29203494
29203488
29202138
29201522
29201017
29199886
29198899
29198372
29196305
29196171
29195767
29194479
29194165
29191226
29191131
29189866
29189240
29188735
29187842
29187378
29186953
29186432
29186402
29186063
29184412
29181422
29180750
29180282
29180281
29180279
29179243
29178957
29178851
29178633
29178254
29177612
29177611
29177610
29177386
29177090
29176971
29175796
29173358
29173228
29173084
29172792
29169659
29168466
29167391
29167061
29166830
29165563
29164074
29163422
29162286
29162110
29161945
29160518
29160517
29160065
29159689
29158434
29158143
29157323
29156685
29156369
29155867
29155059
29153063
29152678
29151996
29150371
29149965
29149329
29149294
29149242
29148723
29148380
29147933
29146285
29146039
29144958
29143727
29142211
29141402
29141051
29140240
29138665
29138496
29138303
29137129
29136469
29134129
29134123
29133570
29133565
29133556
29133211
29128389
29126236
29126110
29126019
29125052
29123004
29122870
29122857
29122855
29122754
30965903
29120560
29120096
29119675
29118748
29117671
29116429
29115680
29113933
29113046
29112952
29111432
29111353
29109700
29109161
29109160
29108951
29108108
29107607
29107415
29106651
29105633
29103235
29102520
29102519
29102518
29102517
29101083
29100518
29099075
29097338
29096992
29092042
29091226
29091224
29091221
29091199
29091144
29090981
29089523
29089425
29085808
29085346
29084702
29083898
29083115
29081676
29081367
29081346
29079147
29076442
29075539
29075330
29074652
29072532
29071817
29071076
29069970
29068275
29066905
29066297
29066218
32625307
29064348
29063891
29063880
29063819
29063446
29063318
29062329
29061754
29061750
29061741
29056473
29055688
29055284
29054946
29051750
29051525
29051261
29051092
29050976
29048298
29044893
29043218
29043069
29042339
29042234
29040635
29040585
29040419
29039717
29039302
29038627
29038283
29038270
29038266
29038260
29038123
29037910
29037802
29037164
29036991
29036989
29036955
29033719
29033415
29033357
29032522
29032075
29032055
29030447
29030138
29030025
29029265
29029194
29029188
29028174
29026867
29026866
29026658
29026535
29024800
29024775
29024753
29023034
29022998
29022382
29021888
29021722
29021461
29021151
29021086
29020471
29020404
29020286
29020273
29020228
29020126
29017829
29017750
29017452
29017267
29017266
29017264
29017218
28994448
28994446
28994407
28993329
28993032
28992981
28991412
28988774
28988698
28988127
28987306
28985401
28984751
28983513
28983088
28982134
28981185
28979250
28972857
28972552
28971868
28971864
28970096
28968012
28967207
28966792
28962784
31600162
31600157
28962001
28961916
28961900
28961793
28961715
28960568
28960367
28960179
28958847
28957626
28955629
28955030
28954956
28951106
28951056
28950924
28948123
28947732
28947683
28947475
28947474
28946105
28943583
28943408
28943368
28943148
28942177
28941825
28940325
28940091
28939966
28939441
28936955
28936426
28935481
28935003
28932746
28932706
28932329
28929967
28929963
28929961
28929047
28928052
28927480
28927454
28927409
28926552
28923864
28923605
28923374
28923301
28922613
28919348
28918351
28915364
28914748
28913784
28912335
28912306
28910379
28906397
28901763
28899468
28899399
28898618
28898269
28895046
28894448
28893788
28893690
28893689
28893646
28893358
28893357
28892887
28892422
28891454
28887199
28886559
28886013
28885139
28883810
28883707
28882783
28882642
28881886
28881515
28881100
28879405
28878752
28877845
32264328
28876169
28876082
28875495
28874377
28874374
28874212
28873428
28870772
28870092
31085826
28867789
28864030
28864028
28863426
28861522
28861076
28859500
28859497
33592919
31862090
28856589
28854628
28853114
28852719
28852636
28849402
28848037
28848018
28847258
28846667
28845592
28844719
28844390
28842361
28842283
28841082
28840993
28840987
28837596
28836551
28836547
28834346
28832536
28832314
28830804
28829687
28828113
28827963
28827526
28827415
28827120
28826688
28826205
28825894
28825446
28825186
28824881
28824709
28824581
28823547
28822713
28821452
28821244
28821026
28820412
28820386
28820112
28818913
28817689
28816520
28815897
28815890
28815819
28815094
28814888
28814284
28814278
28813096
28813014
28811245
28809565
28809473
28809435
28808348
28807914
28807425
28807400
28807096
28807095
28805537
28802880
28801990
28801651
28799835
28799786
28798879
28797330
28796391
28795889
28795847
28792697
28790779
28790314
28789913
28785421
28785405
28784666
28784300
28782704
28782646
28782563
28781343
28780198
28778019
28776163
28776099
28776045
28775818
28774148
28773135
28772204
28771269
28771139
28768974
28767588
28761777
28761643
28760900
28760848
28758635
28758623
28758615
28758575
28758386
28757872
28756939
28756924
28756598
28756544
28755874
28755871
28754148
28751669
28750947
28750050
28750048
28749714
28748397
28748087
28747788
28747785
28746989
32625542
28745292
28744270
28743652
28743631
28743314
28741998
28739787
28739224
28738348
28737463
28736222
28735356
