27560034
27562167
27563036
27564396
27564414
27565716
27568104
29497541
27569227
27569886
27570311
27571880
27572402
27572443
27572646
27573251
27573645
27574974
27575913
27578505
27579638
29369564
29462537
31156866
27580572
27581926
27582268
27583587
27585707
27585787
27585968
27586860
27590677
27590700
27591293
27593359
27594157
27594855
27597392
27598630
27598688
27599077
27600049
27600786
27600931
27601110
27603542
27604361
27609049
27612730
27613063
27616887
27617554
27618347
27619507
27619740
27620478
27620480
27620956
27621176
27621177
27623313
27623408
27623727
27624128
27624571
27624572
27624807
27624958
27624964
27624966
27627107
27629123
27629900
27630843
27631471
27639859
27641711
27642801
29871121
27645236
27645385
27647068
27648951
27649726
27650184
27650884
27650952
27651419
27654515
27654721
27655532
27656166
27656168
27658424
27658552
27659431
27659436
27659734
27660438
27660770
27660779
27661850
27664870
27667823
27667998
27668762
27671063
27671220
27672351
27672553
27679611
27681228
27681920
27682189
27683817
27684336
27685838
27686121
27686265
27687074
27688611
27689094
27691984
27694537
27697350
27697759
27699021
27699025
27703058
27703997
27704730
27707990
27709861
27712848
27715471
27716164
27717967
27720866
27725012
27733128
27733226
27733320
27733519
27734285
27738857
27739486
27741158
27742143
27742466
27745784
27746915
27747206
27747253
27749344
26234465
27664057
27751185
27752059
27752727
27754776
27428072
27758868
27759843
27760356
27761634
27764207
27185478
27765017
27765110
27765437
27765662
27765888
27766169
27766357
27768086
27666191
27769645
27769947
27770529
27770536
27770796
27771726
27773544
27773623
27773759
27773991
27692769
27737785
27746195
27777212
27777535
27777630
27777701
27777948
27777978
27777984
27381339
27584588
27781088
27782809
27783145
26932407
27622347
27725280
27725283
27787604
27239799
27480350
27628340
27680092
27693304
27718321
27788691
27788985
27789630
27790424
27790429
27794265
27707941
27736757
27736767
27758148
27793962
27795261
27795303
27795380
29901942
27716983
27799211
27800231
27800290
27801287
27801293
27802107
27709890
27717604
27805525
27806687
27808510
27809263
27156198
27575728
27614214
27694049
27712929
27733304
27742208
27746394
27765412
27793662
27811089
27812159
27812488
27812616
27812805
27815135
27815192
27816836
27817973
27818649
27821248
27822242
27822401
27824151
27825605
27826062
27826141
27829327
27832961
27833473
27834203
27834322
27834717
27835839
27838216
