26527544
26527871
26528392
26528716
26531810
26536042
26537842
26538780
26539294
26543394
26543614
26543615
26543702
26546855
26547853
26548605
26550157
26550534
26551567
28507912
26552458
26552709
26552763
26552970
26552988
26558370
26559260
26559690
26560861
26562174
26562402
26564039
26564041
26564787
26566932
26567262
26569194
26571390
26571629
26572401
26573636
26574010
26574013
26574753
26577519
26577628
26577901
26578797
26578959
26580308
26581423
26582515
26582872
26587220
26590804
26592309
26594376
26597632
26599338
26603172
26607987
26612063
26612473
26613781
26616601
26617250
26617589
26617601
26618005
26620445
26622822
26622969
26625452
26628756
26631006
26631640
26631643
26632737
26633574
26633884
26634436
26635604
26636619
26637170
26637376
26637481
26638530
26639689
26639714
26640931
26642656
26643324
26643328
26643346
26643537
26644436
26647633
26648826
26649057
26649077
26649418
26651586
26657226
26657396
26661396
26662948
26664477
26665605
26666920
26666930
26666932
26666933
26666939
26667651
26668123
26668699
26668701
26669181
26669767
26670020
26672772
26673235
26675021
26681042
26682359
26683242
26686227
26686939
26686940
26686948
26689883
26691043
26692183
26692184
26695159
26696335
26696974
26697851
26698320
26700032
26701806
26702585
26702736
26704158
26709264
26709956
26711766
26711772
26712620
26712667
26714864
26715029
26716016
26716681
26718943
26719295
26719438
26719448
26719779
28330130
28335198
29533557
29963795
30351741
30376616
26722111
26723000
26723873
26724423
26724686
26726772
26727902
26729491
26729496
26729503
26729504
26729763
26730410
26733952
26733976
26734854
26735693
26738205
26738849
26739639
26740321
26741949
26743146
26743517
26744087
26744193
26745619
26747096
26747103
26749812
26750122
26751389
26751436
26753111
26753648
26753990
26755393
26759518
26763189
26765998
26766146
26766415
26767870
26768252
26768253
26769895
26769896
26769936
26770555
26770762
26774239
26775071
26775929
26775934
26776121
26776144
26776335
26777263
26779882
26781286
26782093
26782324
26782344
26786830
26788470
26788530
26789990
26792053
26792160
26793861
26794743
26794744
26794757
26795022
26798092
26799413
26803822
26805866
26806487
26807811
26810235
26812644
26813302
26813537
26814180
26814675
26814976
26815343
26816553
26816610
26817180
26817486
26817488
26820196
26820921
26823584
26823590
26824228
26824520
26824892
26824947
26824953
26824959
26825068
26825932
26826814
26826828
26826836
26827160
26829858
26830052
26832678
26832748
26840950
26843066
26844231
26844438
26846209
26846210
26846351
26846651
26846875
26848972
26849911
26849961
26850824
26850826
26855282
26855364
26856825
26858245
26858536
26858708
26858709
26860360
26860943
26862431
26864267
26864807
26864946
26866778
26866877
26867361
26867474
26867964
26868386
26869441
26871556
26872131
26872343
26872493
26873847
26876433
26876746
26877142
26878302
26879856
26880908
26885543
26886192
26886453
26886586
26886594
26889448
26890825
26890371
26891309
26891742
26892779
26893615
26894065
26894590
26895502
26895604
26896089
26896499
26898336
26898665
26899354
26899413
26899954
26900333
26901176
26902217
26902656
26902770
26903279
26904512
26904750
26905030
26909754
26912266
26912318
26912748
26914726
26915495
26918268
26918456
26920133
26920557
26921694
26922227
26925046
29916671
33579148
33579150
26926635
26926642
26927461
26927887
26928500
26934919
26937640
26938693
26939452
26944004
26944048
26944906
26944907
26945714
26946245
26946375
26948862
26950331
26951091
26951136
26952429
26953194
26953205
26953325
26953526
26954370
26956585
26957076
26957490
26957865
26958061
26959958
26960719
26960720
26960790
26962817
26964341
26966105
26966211
26967686
26968486
26968884
26970828
26973425
26974389
26976866
26976870
26976871
26979871
26980595
26981378
26982242
26983001
26984074
26986170
26987165
26988061
26988349
26988472
26989419
26989543
26989670
26991276
26992260
26993149
26993738
26994036
26996458
26996563
26997253
26997710
26998007
26998033
26998253
26998356
26999356
26999397
26999867
27000156
27001820
27002735
27002853
27003315
27003967
27004323
27004429
27004836
27005457
27005459
27005460
27005513
27005666
27007258
27010307
27011317
27013000
27013507
27013843
27014213
27014523
27015202
27016135
27016535
27017264
27017977
27018414
27019965
27020284
27020413
27020870
27021418
27021509
27021531
27021881
27021903
27022987
27023726
27023794
27023506
27025908
27026830
27029012
27029825
27029848
27029850
27030917
27031451
27031462
27031521
27031897
27032000
28757731
27032844
27033090
27034562
27040495
27041106
27041865
27042550
27042955
27044555
27045582
27045615
27046739
27047141
27047457
27047463
27048201
27049969
27050128
27051152
27051575
27053034
27055117
27055400
27056171
27056222
27056473
27056582
27057577
27058324
27058326
27062981
27063638
27064296
27065982
27066881
27067316
27067330
27067339
27068589
27071382
27071978
27072298
27073266
27073997
27077929
27078494
27078605
27078606
27079242
27079463
27080768
27080772
27081127
27082932
27084307
27086146
27086305
27087074
27087086
27088084
27090077
27090175
27090180
27090546
27090787
27092220
27092225
27092516
27092847
27092971
27093936
27094384
27095990
27096330
27098166
27099629
27099677
27099679
27099694
27099746
27100014
27100130
27101788
27101841
27101926
27103492
27103501
27104633
27104951
27105753
27107139
27107703
27108638
27111388
27112043
27112795
27113038
27113300
27114279
27114281
27115154
27117507
27118773
27123005
27123215
27124686
27125555
27127591
27128821
27129373
27129719
27129967
28989469
29648751
27133266
27133391
27134545
27134871
27138657
27139020
27139468
27139486
27140200
27146506
27147066
27147714
27147720
27148173
27148814
27150396
27151174
27151785
27158099
27159655
27160868
27160953
27161636
27161977
27162376
27163334
27164597
27166141
27166748
27167235
27167505
27168586
27169671
27174090
27175491
27175494
27177110
27179815
27180430
27180602
27180838
27182661
27183358
27183631
27183716
27184767
27184935
27185296
27185797
27185802
27187871
27190808
27192164
27192584
27192586
27193890
27194637
27195776
27196424
27197104
29798058
27197792
27198017
27199618
27206024
27206434
27206435
27208763
27208764
27210283
27210872
27216067
27216068
27216072
27216075
27216271
27219271
27221329
27221683
27222186
27222489
27225045
27226874
27226916
27227920
27230116
27231369
27231592
27234360
27237423
27237961
27238937
27239695
27243004
29465856
29901317
33579107
27247260
27252157
27253399
27253907
27256462
27257956
27259183
27259867
27259987
27261101
27261267
27262693
27263012
27265599
27266280
27266357
27267830
27268592
27269674
27270278
27270289
27272120
27273995
27274985
27278898
27278909
27279859
27283184
27283194
27284091
27284988
27284989
27285299
27285830
27287232
27287441
27287559
27288622
27289094
27289192
27289312
27290827
27290828
27291285
27291676
27293897
27293924
27294538
27294803
27297475
27297487
27297882
27303744
27303801
27306058
27306118
27307305
27307579
27312200
27312582
27312692
27314660
27314991
27314994
27316624
27316973
27318458
27321770
27324378
27325813
27328614
27328762
27330072
27330897
27332888
27334661
27334665
27337454
27337565
27338631
27339313
27339564
27340072
27340653
27341834
27342199
27342520
27343986
27344400
27347082
27348506
27352068
27353464
27353756
27355556
27357522
27358615
27358627
30023223
27363054
27363226
27363583
27364766
27366345
27366347
27367007
27367456
27368700
27368987
27370911
27371609
27373067
27373357
27373698
27375036
27375064
27375573
27376728
27378198
27378783
27379038
27380450
27381386
27381397
27383250
27384881
27386848
27387224
27387236
27392968
27394401
27394639
27396948
27399106
27399614
27400864
27401575
27402011
27402393
27402781
27404463
27406977
27407294
27408624
27409087
27410913
27411334
27412057
27412724
27413192
27413528
27415773
27417839
27418777
27423268
27423929
27425421
27427404
27429931
27430122
27431225
27431874
27432557
27432599
27436389
27436394
27436581
27437214
27438458
27438984
27439015
27441063
27441208
27441664
27442425
27442598
27442644
27446040
27446056
27447356
27447671
27449938
27451437
27452448
27452903
27455084
27455570
27455596
27457077
27458434
27458980
27459423
27460641
27460764
27461479
27461798
27462557
27464862
27465499
27466299
27468049
27468282
27468620
27469416
27470662
27471466
27473769
27473782
27476589
27477421
27477611
27478029
27478476
27480857
27482803
27482804
27488325
27488438
27489722
27490695
27492133
27494336
27494911
27494913
27494919
27496450
27496451
27497940
27498362
27498999
27499852
27501945
27502110
27502416
27503535
27504284
27504548
27506523
27506948
27509714
27510832
27514948
27514961
27516515
27516516
27522002
27522134
27523661
27524011
27524536
27526080
27526977
27527726
27528081
27528799
27529965
27530752
27530831
27530839
27530857
27530858
27530998
27531594
27531996
27532217
27533639
27534373
27534404
27534887
27537519
27538488
27539331
27539758
27540056
27542333
27542822
27545830
27546104
27547110
27547466
27550826
27551088
27553451
27554144
27556331
27557134
