23409822
23410925
23411624
23411875
23412030
23412346
23413710
23413749
23414748
23415499
23415966
23416348
23416657
23417909
23418156
23419676
23422591
23422912
23423648
23428125
23428754
23429093
23431824
23434036
23435082
23435587
23435825
23437318
23437866
23438028
23438133
23439635
23440125
23441486
23441627
23441872
23442560
26782601
27873604
23449681
23449829
23449877
23449878
23449879
23450269
23450439
23451394
23452899
23453411
23453788
23454016
23454085
23455199
23455216
23455339
23456591
23457627
23458769
23458824
23459476
23459483
23461838
23462465
23462641
23463859
23464880
23465356
23465604
23465908
23466338
23466743
23466758
23466957
23467058
23467917
23469341
23473969
23474176
23474314
23475648
23478032
23478794
23478867
23478882
23478955
23478957
23479972
23481025
23481491
23481500
23482311
23483739
23483760
23484141
23486716
23490927
23492948
23492993
23494623
23496403
23499554
23499872
23504089
23504617
23505275
23507283
23507415
23507904
23508430
23508456
23508461
23508665
23513610
23514342
23514607
23514904
23514912
23514914
23516199
23517779
23518183
23518184
23518186
23519230
23519391
23521557
23523562
23526295
23528605
23528638
23530541
23533372
23533527
23535208
23536170
23536849
23537199
23537612
23538565
24991607
25050266
25287310
26199885
23540181
23540185
23540793
23540922
23541118
23541690
23543257
23543756
23543782
23543819
23546492
23547093
23548688
23550205
23553820
23554169
23554195
23555831
23557071
23557926
23558683
23559652
23562584
23563291
23563682
23563773
23563840
23564592
23565771
23567301
23567362
23567915
23567952
23568176
23570000
23571246
23571367
23571375
23571536
23573964
23577135
23577168
23579399
23580124
23580564
23580583
23582136
23583202
23583325
23583997
23584405
23585403
23585941
23586055
23586646
23586672
23587824
23587951
23587957
23587958
23588096
23590898
23592085
23592813
23593573
23593575
23593733
23595405
23596246
23587775
23587777
23587779
23601113
23601454
23603767
23606298
23607946
23608240
23608848
23609511
23610927
23610972
23611306
23612195
23612198
23613664
23616410
23616458
23616597
23618334
23618336
23618337
23618338
23619002
23620468
23620754
23620859
23620968
23621722
23621739
23622882
23622978
23623624
23623803
23625018
23625767
23627340
23629703
23629721
23630228
23639842
23639985
23640195
23640203
23640443
23641327
23643614
23644771
23647948
23648253
23650162
23650563
23650928
23656486
23657136
23658651
23659538
23659829
23660207
23661476
23661477
23661670
23663860
23663864
23664581
23664677
23665083
23665162
23665191
23665730
23665958
23666359
23667172
23667443
23668475
23669353
23671215
23671963
23672556
23675295
23677158
23681270
23681942
23682898
23683574
23684361
23686124
23686252
23688521
23689704
23692050
23695834
23697861
23701329
23703349
23704083
23704787
23706544
23709505
23709686
23710191
23710651
23711532
23711894
23713670
23716873
23720796
23721721
23721829
23722448
23723407
23724053
25207114
25780663
27873580
23725513
23725981
23726147
23727815
23728573
23728748
23729468
23729878
23729883
23730636
23730637
23731823
23733454
23733455
23733457
23733463
23735062
23735867
23741020
23741022
23742126
23745264
23746819
23747028
23752506
23752510
23752514
23753626
23755761
23755848
23755901
23756079
23759260
23761145
23767198
23772471
23775313
23779256
23781254
23782431
23783430
23785917
23786049
23786927
23786981
23787077
23787508
23788480
23794046
23790332
23797009
23800169
23800599
23800906
23804390
23805330
23806900
25924276
23808959
23809141
23810698
23811466
23811860
23814725
23814976
23815405
23815782
23816538
23817374
23817934
23817997
23818393
23818730
23822218
23824899
23826960
23827147
23827273
23827751
23831074
23831662
23831767
23833179
23833752
23836167
23836413
23836821
23836864
23837081
23837936
23838221
23838732
23838788
23840569
23841705
23843486
23843488
23844109
23844477
23850951
23852897
23856769
23856896
23856919
23857101
23857503
23861396
23861544
23862639
23866018
23866508
23867670
23870453
23872849
23876202
23877684
23877699
23877783
23877897
23879603
23879607
23880721
23883709
23883731
23883872
23883973
25485141
23885972
23886789
23887184
23887414
23889975
23890642
23891433
23892619
23892658
23894387
23894478
23895985
23896467
23900318
23901174
23901491
23902586
23902672
23906079
23910454
23911714
23912869
23914899
23916453
23917322
23917908
23921936
23923107
23923648
23924513
23926880
23927986
23929228
23929480
23933929
23934166
23934172
23934739
23935824
23935879
23936031
23936052
23936064
23936379
23936727
23939888
23941473
23942420
23946222
23949298
23949897
23950113
23951089
23952363
23955005
23956373
23957835
23959306
23959311
23959315
23959321
23960446
23960826
23962153
23965814
23966820
23967398
23969216
23972658
23972824
23973410
23973825
23973986
23975158
23975908
23978353
23978428
23979739
23979745
23979759
23979826
23980108
23980710
23984128
23984642
23985209
23988261
23988718
23989805
23990066
23990158
23990658
23992130
23992285
23993213
23993215
23996153
23996279
23996303
23996387
23997018
23997342
23997777
23997920
23999335
24000225
24000226
24000589
24002097
24002450
24002752
24003426
24003434
24006005
24006011
24006892
24007899
24007923
24009204
24009734
24009963
24011185
24011372
24011498
24013597
24013884
24015807
24016033
24016440
24016768
24018814
24019525
24019843
24020742
24021044
24021411
24021566
24025503
24029199
24029835
24031956
24033349
24033741
24033808
24033858
24037016
24040585
24040694
24041551
24041895
24041898
24044871
24045025
24047744
24050082
24053429
24054488
24055218
24055309
24055339
24055387
24055609
24056527
24057412
24059113
24059520
24060496
24060874
24061924
24062785
24064292
24064498
24067478
24068012
24070112
24070502
24072645
24073806
24073823
24074641
24075810
24076192
24076227
24076264
24078112
24078128
24078895
24083375
24084377
24084579
24088849
24088853
24091155
24093108
24094502
24096741
24097052
24097361
24098729
24099282
24099586
24099919
24100228
24100499
24102722
24102776
24103393
24105417
24105840
24106362
24107388
24112254
24112802
24117081
24117087
24117831
24118201
24118681
24119096
24119299
24119412
24120834
24121549
24122217
24123430
24123820
24125922
24126094
24127911
24128258
24128666
24128968
24129623
24131198
24133535
24135413
24137005
24137051
24138782
24139563
24140741
24140832
24140949
24143953
24144809
24145534
24146490
24148903
24151239
24152718
24155060
24156108
24157059
24159156
24162251
24164263
24164265
24164266
24165143
24165178
24165191
24166042
24166103
24166131
24167432
24167843
24168384
24169795
24169796
24170166
24170687
24171575
24172540
24173426
24173427
33007798
24176222
24176580
24179913
24179916
24180129
24182822
24183483
24183799
24183879
24185589
24188126
24191780
24192397
24193695
24194556
24194749
24199986
24200446
24202878
24206450
24207018
24211218
24211808
24211873
24213088
24216440
24217699
24217959
24221606
24222755
24223208
24223603
24223893
24225292
24225613
24228822
24229789
24231383
24231757
24236613
24237427
24239886
24240239
24241241
24243612
24244003
24244267
24244411
24244651
24246741
24247132
24247134
24247146
24248105
24249762
24252194
24257316
24259634
24265784
24265950
24265967
24268534
24270152
24270473
24273320
24274894
24274960
24275114
24275376
24277031
24277034
24277037
24277046
24279745
24280305
24280818
24284016
24284772
24286084
25848499
27873614
27873615
27873616
27873619
24289012
24291457
24291619
24292751
24293294
24293710
24293788
24294234
24294242
24294496
24298386
24300629
24302802
24303846
24304707
24306097
24314120
24315313
24321354
24323118
24323288
24323469
24324266
24325118
24325334
24327941
24328378
24328488
24330161
24330397
24331399
24333961
24333981
24334199
24334803
24334938
24334953
24336426
24338528
24339993
24340531
24341222
24341830
24342269
24342634
24343647
24346066
24346607
24348663
24349011
24352052
24353272
24353433
24353513
24353525
24353625
24353642
24354238
24354959
24356835
24356844
24358980
24359516
24360201
24360520
24361479
24361839
24363388
24363389
24365283
24370932
24371275
24372291
24373065
24373124
24377137
24377177
24377246
24377764
24378956
24379195
24379200
24379201
24379204
25726201
25744214
25763035
25763046
25975102
25977741
26778867
26867273
26904730
26905550
27379265
27437466
29421629
30049142
30701190
24380631
24381080
24381721
24386174
24387754
24387958
24388469
24388585
24389277
24389667
24391202
24391936
24392386
24392518
24392752
24393919
24395222
24395223
24395228
24395232
24396044
24396633
24398052
24398340
24402502
24403299
24403599
24407631
24408988
24409692
24411834
24416943
24417168
24418229
24419186
24419337
24419799
24420803
24421832
24421919
24424347
24426125
24426145
24427632
24428238
24428847
24429283
24429444
24430542
24432376
24432665
24434793
24434962
24436267
24436600
24439066
24439449
24440938
24441868
24442439
24444026
24445158
24445333
24445824
24450183
24450236
24450656
24450778
24451962
24453392
24453828
24455681
24455733
24457108
24461193
24462193
24462425
24464536
24464691
24466106
24466194
24466586
24467593
24468033
24470271
24470495
