32213195
29601598
31712813
25526018
27100766
24048962
29157170
33188137
27000449
22509901
29715319
34879755
29706149
28302376
32355106
24921247
29984511
34735428
23407472
24079950
30074254
30524442
24568221
32522828
29485537
26765929
32329999
34245280
30498048
29364432
25114322
24400344
28745556
31856072
23453701
24885306
29565715
33471098
32936604
28068218
30901398
25901011
26093189
33104232
25581812
30098131
29905822
29059032
26165432
33059307
34919828
23974145
32996866
29642121
33124553
26790015
35171128
28531212
34339277
23486492
26511740
25429977
31476277
25504299
26814891
32747940
27026347
36761832
30422800
33676595
26846151
34890451
24857261
25934156
34819068
34018990
34310529
33822092
34694274
34312175
26773149
26222746
31865863
34134725
34310527
23835188
24106338
29465702
30606394
30925932
28369227
32228828
32126947
34174229
31018992
31225920
34618779
25371420
31690678
25352691
31205048
29685466
31971241
30457099
24400348
30651389
23970602
27689684
26199286
30096329
27200523
25935930
34620667
28968710
26125533
25504294
24204097
23970594
34393245
28537548
29066630
30654762
31392956
31203586
23142353
27771470
25215566
32860320
26190472
26125939
32004254
33766272
32677988
28407641
32930821
34580131
34496152
32724807
27196299
30346576
25980791
31198933
33591079
30489490
24002555
31164232
29066627
25031289
32522747
32192370
24016806
29183269
35544082
34978884
23836824
23519414
31506309
29021406
29409759
25585066
27124470
22633246
22424277
28006003
25313220
27885067
28754106
23884094
29531169
23472801
34475363
32641070
34407015
29465667
32729617
29146429
25200263
29297237
32097213
25107710
23759175
24559563
23920398
24637681
28134005
29927376
35446884
32731917
35144602
29458676
29486628
32436729
25258396
32017908
33300564
31601892
33554267
30642924
24047881
27765579
30838398
33444559
29624558
34450628
26538552
22429498
22354319
25211259
28329470
23015673
24633530
33096202
30102262
32975293
26472793
34192725
30837995
31505159
26092579
27322048
28360379
25013220
23895711
29504385
26719439
33981108
31009510
24521720
26576538
34211138
32089090
35271599
23484614
28698342
33813811
23194411
32393529
32447324
34904517
31049592
32202687
23461308
24366777
29136127
34000039
24343654
31945307
28129372
32886722
32032316
34755815
25868133
23507280
25637328
33431605
29720385
33469147
31688720
34783161
33501961
34433793
29760215
26706364
23461304
32434942
25228665
26672002
26165436
29483122
33361465
26165433
25275435
26290487
31538646
27803513
26678863
32903136
30683037
30021740
23007248
27797865
34983811
34909106
24138699
28182591
24273127
33345746
32591826
33846057
29538508
25229376
30878686
28272393
31882383
22384840
27582306
35105978
24177713
23168755
32881091
28636866
30367605
32546213
34076475
27861521
34475362
29487468
30303949
31830129
27307460
27629896
31468679
34433794
24129624
30102261
30238498
32223089
29420449
29465653
34391335
23965767
33769901
25832159
30534927
25154560
29549606
33513222
34009918
31292064
21105823
34557895
33168910
34013475
28747205
34837031
30383619
33787610
27322042
26394998
33569588
29255100
31301409
33859147
27787348
28745849
28703728
35065063
24861439
33290434
24327758
27724878
33727348
28007229
29048985
32036466
33812863
33003186
30119987
24912535
28235839
25211249
24749920
33783414
34233535
23514834
34758169
23970662
34174905
33612012
33427085
34396407
30732970
26931504
25504720
28806354
30413681
22968052
33341349
28799824
30782948
26904785
22983501
34433798
34110729
26908758
24480850
28886618
33530892
26418464
34420017
34096386
28166698
27513379
30400890
35001017
23646385
25330794
22925125
33248851
29465674
35235608
28876312
25504300
23590351
29380356
25436876
23064532
30742592
34210839
35120153
31513653
34009081
34475358
31905399
22427638
33910514
30903720
34063264
23970638
33878134
35905043
32114974
33328194
29288183
24468054
29485543
23403604
29925670
22706215
33910964
23588125
23757303
24727516
23405376
33264307
34380730
25394204
23945422
22149387
23391639
29898936
34321450
31284840
28946854
32355108
30242143
24337732
23390952
28583150
26068852
24956111
26779687
32950783
32061624
27776813
30799204
25590331
35067599
25886914
26907819
23800942
32403988
31618167
30068468
31324517
33320275
24417784
26841046
35754526
34654767
34396398
32960744
30406812
32828724
22727081
26203757
32795362
27764650
31138228
34310524
35617304
33846278
23631602
24746423
22678036
35034049
35144493
35139073
34146691
28209713
26519942
33894850
32976355
32168225
27350659
32273674
24521722
25118973
22169584
34166379
34565231
30558710
29486706
32413018
33939747
31880741
31895142
27931519
30293504
23064538
31688719
34795711
31074362
27164464
25922100
31623703
32187168
34023871
34676780
28290932
26887890
29465695
34607000
32753000
31996095
28632191
34879820
26846572
26195002
34610441
32209954
33958492
30587296
25289640
33109139
24442429
22984986
30318465
34172543
32901793
34174039
34311604
25663246
28399798
28282645
34887350
26577338
28301989
32569258
32345631
25482819
33276727
32149952
30399091
33000907
30499824
27268218
33000886
31013277
29477653
32770977
33000912
27871264
31631090
35369513
27191543
25356365
30505977
34113135
24483056
29434478
31832426
30983802
28737877
25184348
32714558
34177869
30002329
30618519
32670242
32582133
32085650
33294370
32140142
24734149
32414194
29780854
29167794
32773611
28233287
24971225
31618181
32000586
27690121
35432273
26579097
25870754
29916355
27888365
32685118
32395427
33319077
31817122
36267167
31573516
31768312
30320218
27609929
25383001
26078871
29872530
33494538
30233282
33198126
28098538
35096648
32439664
29285017
30538694
34368230
34434298
30515136
34721348
25566225
31015818
31496761
35392612
33562607
33123111
24159315
27570316
32974579
29150724
26272575
31439986
34703253
33796248
29674557
33343520
27681925
35386292
29404418
31145563
35095823
31766474
36337739
24672680
32317730
31417529
25221548
33976101
31998268
31504333
30081551
30799834
36158233
31922106
26332564
32019834
36381602
32973901
32382801
29914071
27025738
23433914
35794921
33193203
34422696
28630127
33640187
35222300
29636908
32637320
33993162
34201299
34024673
34062856
28596392
31695449
28035227
34279817
33553473
32304530
35203870
33004447
24564848
23390207
23847609
26733970
33777466
32806522
33990163
29256362
31861867
35369565
31463197
34675563
30397529
25844265
33664140
32381609
25031290
30501682
33737358
32085531
29608959
30834380
32606827
29034107
32848409
33633700
30002340
34093206
31435621
27902415
32591794
26475265
36386409
30457407
26358608
25322708
31293838
29102589
25659837
31406692
32972945
34066576
35027140
30270902
30108750
26528045
33915835
35839235
31193648
29769930
35326763
32684296
30643437
28590237
31140943
30126088
26488526
26488518
32908526
29361673
27548417
34572609
34833187
27904747
32592523
27547739
32024032
31193652
32768529
32325724
30307392
36452226
32825235
26696986
34709052
34070767
32447918
32009316
28781959
33364794
31570391
30538989
34899659
33817605
32487791
34557869
24046809
33274127
34827339
25159333
31034186
27013259
34093925
25969541
31922113
30474539
32404400
35096671
26294142
31049303
34798573
34831424
30581422
25083897
22761285
24088850
23320468
27548425
30037076
29914058
30766523
30418536
30181504
29177239
31627489
34223105
33088711
25344841
33007823
31548184
31652729
25814039
33237740
28481980
24717166
22877601
30483375
26237608
30799811
34521505
34017216
33445644
34943139
34736815
36274971
29573486
28528844
26114001
34358218
25435192
34647806
26150848
33593843
26255890
33417851
32214342
34151106
23158843
24787738
34959466
23274496
31213856
33826529
36091700
31315960
34706064
34385981
24982675
35747471
35215160
31615000
26443496
26850150
35386911
30456870
35154028
30081083
25237598
29249252
24381252
34835463
28904187
31942394
33178264
28216070
25768859
35496288
30234930
33008028
29284768
25331311
25253912
23796936
26392654
22578237
24275271
34072200
24655615
25866700
34975804
29351260
34922593
33164482
30265235
24593108
26442504
23970745
34880637
28629687
28505240
23409129
22970467
24466206
25780762
30982247
30023502
24690473
32582714
31945133
34730833
23257061
32765015
34234969
28414664
22145868
32536685
35423628
25808340
27512795
31119636
34606332
30948618
26210107
25282115
29140608
27254649
36466478
26353867
27429850
34035667
30697344
25840968
28384434
30351348
23899162
29276602
35087590
32082989
28192236
31015819
24618039
24618022
23914292
26483525
31253622
26743574
32611792
33618038
31726703
24050075
32001659
34959573
34439042
31628155
23650596
34903146
24857868
33534405
31643191
24859465
31961085
26246922
30800230
28876291
25100316
26313289
35283813
26787639
34716336
28425774
34572612
34986242
27313440
23168304
32845827
31551478
22877599
23642399
23189457
33598210
27898567
29769969
33796486
27875039
23768092
30466791
27631046
27559553
26704163
32976354
26362744
25720061
30148266
33276125
35693060
28432206
34438979
35110093
33929174
32751883
33671616
24218946
25397411
32532902
33428528
22351512
24376896
23849061
30228109
25838784
32518756
30464540
29460228
32497502
23850694
