29430011
28991324
31119616
31802195
28754299
30900979
31661379
28210887
32119845
33720324
28645177
32779717
25410409
34402689
31182853
31378677
28387837
29553336
33245688
24275696
34094619
31119637
34060328
34871932
33536323
28407640
27337478
32149957
31119619
32091356
32530860
29131780
33807121
30629196
27551020
26063097
24074904
31289109
26426083
34927774
29883770
24498212
32163574
33109763
31972174
31978578
30787927
32873606
23093736
30239814
25480491
29581317
28520925
32366604
22492861
31356532
35061686
27274027
34138928
31740492
33590810
31658968
31289181
29698633
27608066
30858209
30552033
32163577
29581189
31225605
31340021
31119626
33784401
29553335
29924264
28540875
29976521
30047666
27191699
25253760
33367585
27088665
28069643
30629964
32228159
27489119
25639637
29233095
33785063
24489950
27185804
32457249
33200978
25605868
30909866
22693236
28633281
31119632
32762194
31157931
27481245
32013864
32011233
26292303
32494956
31119621
32661900
25777677
29644437
31119627
32966677
30234796
27451856
29999304
34668731
30448519
26205027
29701830
30412735
31870236
26122105
24595372
27414684
23374609
34529975
33063655
27255221
27773514
34118893
23945428
32202529
24571073
30657464
23183436
23839218
30363025
28348871
30727713
23434849
30789143
27499432
25650401
31407661
29349557
27090631
32041800
32116136
24801146
29225148
31119618
25735717
30329062
32656570
28956800
31369630
33592101
30482267
29182725
31170281
27600036
23475972
29975784
24092762
31425792
24571786
29231153
22334697
31600300
28446378
23351067
32441045
31507264
28418303
27449234
26316384
31578264
26968786
23506248
34465021
34419740
27758727
29530847
24243880
25427572
28814585
31021281
32496391
33208511
30473448
29293395
29373697
34362393
29611382
27465490
31547889
27575582
26068331
30563596
31411309
28228492
30321622
32253235
26482313
30276628
29045638
30352803
24502606
28178113
30326824
25818299
27736753
29477549
28134103
25267684
24379305
29845928
22207596
26763972
29465685
31541571
32318263
24890595
33057372
31138575
28707659
27724873
30869583
32191696
26174237
27923924
23680903
23241969
28303829
23977246
24455772
23594520
24255126
21966997
32688393
30016236
22214779
29844237
25637258
28431495
27325503
27342784
27597434
22686196
30216232
28282365
30808445
28367885
29882175
27890419
30832565
28674065
29950339
23623306
22321999
31331979
31955892
22333840
26355966
26475082
23021501
27067334
28581359
24189248
25560000
25199775
25365962
32818599
23002175
21960034
29155021
23540188
29868925
28505331
30510172
31162022
27301565
22184617
24108603
25156536
29229778
26084303
31106713
28373191
23856869
30514867
22908152
26689442
27432602
22337104
23486711
24369054
27667565
26508106
30226955
23347339
31002306
25624328
25367903
29719082
24594737
23813093
22904337
31413024
24607996
28146620
30996106
23564350
22902672
25460012
24378136
23876804
25367915
27221395
26343813
29367612
23625842
25496972
24207077
25082007
25056324
22184419
28034887
27178830
22819604
30482834
25987627
25378573
24468863
22287521
28431102
28607013
28848021
29615507
24567501
22566592
22941436
29042497
26472770
28193667
34382415
24468865
27580580
23002223
25554485
26747100
23063097
30026943
23257414
26597276
24243881
25497459
24102220
24535277
26739156
26935729
25605303
24400351
31358980
25994166
26229069
26787702
29927918
25394255
26984407
24025911
29891604
23001269
24554750
25534723
25149062
23970751
25688066
27432597
26468501
25532741
28893785
25907073
33301430
27608412
27590250
23543713
32703844
28145684
23554203
22354296
29991383
25182063
24947981
26205172
23231489
22194583
24982070
22972828
24244002
26927542
22547617
26805040
22797875
26675423
26318193
23587946
25907334
23378511
26084072
32500764
24243873
25755190
22493300
25640444
29223959
25755189
25369656
30220157
31119620
23064537
34116342
25865983
24243875
28802678
27620944
27983487
24503544
25804074
27516227
25845238
32738086
27311673
31219400
31255376
30051801
31108726
32602459
23220784
33197896
27037185
26323884
28038960
26402455
24475696
31760083
22232288
22397678
32112753
30739725
24509781
22550918
32457251
34573293
28196837
30894437
34155204
26745428
25547132
22750777
24492260
30410109
28939833
26313447
32438866
29703974
29690929
26574512
33154239
27638945
25208533
31211673
27707989
31842695
31793388
29247013
22492860
33368046
23841188
25962915
26779739
26760182
26527145
24243874
29347676
22882659
34077426
27332921
23035839
23508619
22713571
28232214
27934846
30265121
26936653
22748003
26888660
25108533
25502696
26234264
24882243
31137965
23159594
22401563
34424175
33877625
31383663
30698520
28584144
24042111
22798629
32807804
24914183
25832300
28729124
29528994
26847286
27619365
32049340
24305088
23565750
32964934
30181126
29876934
29465687
24106339
26538505
28703729
24653040
31874612
28916651
22807549
32316853
29067905
26292300
26147143
26234265
24890968
30292397
26976873
32058583
30275084
24890967
24651828
31431566
24763594
32732336
33081246
28178112
26582560
25070110
23186215
24622100
30107775
22401562
24622634
29975775
28388513
24686069
24243876
29219803
24435165
29329177
26975373
28741392
27578029
27646968
25878350
24206788
26338048
31744915
27080231
30690580
24243879
29517283
34030562
27405582
23324980
23623337
32714334
26848972
26244506
24901251
30897201
31409679
28499284
31097677
23469585
28820375
22334602
31481151
31119624
26063087
24292761
30138416
24503900
31119628
33980014
29517285
25403720
29016383
31860664
24433334
34999997
29992304
25868582
34906669
23477553
23970641
31510949
28784667
27494921
24049157
31992068
27471316
28460017
27246574
27413195
25346239
29115267
23038845
24197163
23680222
26603424
29088232
25673666
31834402
31385267
30845186
31341071
33116506
22995365
24243877
30957162
26859666
31295224
26465495
27469477
29311079
24820072
24514092
31869330
24243878
23351652
27596531
33082237
23070845
23677303
26381611
33875000
24621906
31760050
28877506
25253764
29394396
24037141
34878109
30799857
24243872
29664766
31074358
25022301
32479537
30862336
24007216
30944196
23299608
33480767
30087172
31230613
23677304
26967304
26179610
33349202
30676251
26795700
24982323
30115561
25990778
29229280
30084426
24066990
25011655
28930001
28545411
24811061
28691898
23030318
31040250
26658656
30044333
23903665
34747462
34515630
25331059
29589256
24733458
24334988
24163221
29205198
22561762
23836923
22421701
24039262
27376801
25562852
29292202
27631354
28820128
23349628
34535405
31119617
24948703
24890959
29029217
30811935
26378286
31119623
30986425
33436505
27998950
32071056
29688440
34949296
33432328
23677305
32512120
32122643
26076069
32022739
29523496
27682063
32042129
31202926
23467600
28743809
34078300
24594973
24429758
31385268
29726994
24532681
24621896
22646648
30723007
32213251
28844395
28178114
24765665
24621897
23764300
27442026
24056524
24119133
29339382
22840274
34391903
27161642
26503722
28886683
30605081
27577587
31091404
30825697
25013081
28893183
27580005
23095086
29709312
25296304
26064954
29798752
22433672
33153450
31335939
35873173
26665738
30917979
24865714
29345007
23939890
24002068
30376120
25442864
23467604
30510105
27080763
30392463
24901477
28282644
28723967
23341609
35223556
36105928
24810211
29665008
28591853
29408881
25579147
29969978
32163580
31872856
26453557
27722490
29304758
32843551
31366421
30191618
22604449
27347854
25451056
26165431
25371492
25500516
28385139
27317749
34256252
31581294
24556993
29530863
24777907
26949934
35489793
27791096
25427632
31385265
34784046
25078330
22244259
26181042
34029771
31119614
27073269
30584266
25892255
23705013
29581318
22432703
29420119
26244560
32078293
30206175
31605008
26332192
31754194
31871081
22353959
26293005
34633841
29621310
28549097
25175873
28364702
31504585
25188611
26808268
33323071
26689114
30510100
30412586
22169277
23615200
24806757
22504591
26691509
24198404
24602276
26338862
22214775
24605856
28385144
28615273
34539665
31778198
31870237
22676068
28585815
31462742
30961546
25631604
27213957
24184420
32540907
29950382
23560790
25581809
29154480
22835468
24685549
30943199
24878918
28604481
28549116
24335745
31338863
23093735
30249694
25172824
31697892
31801897
24795044
31095319
25970312
34852011
25224994
30753248
31852242
31852766
30093108
31235631
27216061
32967905
26351283
34281392
29848563
33097713
29635367
29240786
27981386
24113411
22155830
22286973
27626188
23970709
25926405
26671256
32222210
24248162
27080026
23648135
26641098
29482499
30067836
31899504
22720771
28771632
25417366
32889143
34751649
24113412
34320914
27414503
35480233
29190210
31764766
26149691
27324777
33528603
23970625
28476914
22327577
26268281
31558123
28431096
28077695
28063198
33198606
33124551
27497595
27684341
22535909
29324629
30502387
33941524
28737492
34310528
31589312
27225407
29275409
25834492
34913662
28686231
25056075
28705094
27632642
22306338
25947877
30606127
31730160
31040249
33632890
32845194
25537831
23895035
27137809
30652276
23299612
31122971
31784935
29058643
32477967
22399131
32066589
23250301
34097283
23891224
28632470
31752720
26259560
29021407
30178231
