34913715
34087923
29376609
28241458
22436137
22621817
34789510
24352129
22646654
31468730
34488704
23970630
34981015
33121366
32484428
30125691
25511465
25846515
31642639
33519726
32184310
23844520
29097418
34997050
30322851
25426337
27112831
32375974
25714587
25254623
34055431
33412301
31643230
28717267
26730366
24566724
23327247
32983740
26236350
27872553
26145099
31102824
27468642
22113463
21797933
24618046
23369293
33107578
35052976
26513072
22877592
24160747
23987728
36312786
24361688
32689914
33004610
34576759
23813677
34580906
23819400
31730499
25581302
26010772
23970635
32912933
32498967
28186463
27583786
31859747
31524362
22762232
24026408
22594866
25180857
23939010
23007214
29662365
36105492
30703834
29733249
24390919
23940811
32422849
30722752
28681823
27032228
31934366
30756005
27176080
24523487
24028864
22668947
22419642
22371042
24092836
26023576
36569947
31909501
26888658
31331980
26527219
32003164
27599076
32810868
23425506
34425937
25829624
32321682
22895675
23529298
29625547
28373867
28116187
27314179
24134626
31835724
30249728
28871927
31360448
29708009
32985394
30150251
30071798
28741188
33729405
33332296
26658657
24728243
29960999
26880101
34683991
34483276
32534649
28072403
33902811
32291912
32045642
25290498
23163048
32207537
29986051
29623213
28462398
28167140
27821049
25981754
34813424
34550809
33856180
31728988
31323733
28369762
28357376
26396445
23221768
22794785
33011046
25785190
30519127
26208181
34397971
25922103
23554208
26733496
28117765
26810921
29240635
36388349
29175001
34763670
34452992
30373802
24262217
31210732
24216036
34777993
34567397
31643749
31451347
28377334
23082591
29431149
34008722
31315953
30363030
23716638
23512512
33830872
35342849
29692813
23419460
30741802
29698384
25385112
25156010
23157146
23100348
31820661
28246379
24508691
31137799
35572628
33109694
31049501
30182860
23680906
22729196
33900407
29560055
33760867
26538551
24759719
34396402
26136508
25342812
31419483
30071799
25585069
34332883
34221771
33937002
33376658
31074566
31068083
28838078
26793265
24552584
24383882
23861986
23198910
35819075
34635321
34292926
33076082
31851086
30878689
28723470
28499285
27058117
25796031
23417685
34366085
32918462
30496162
29619908
28838077
31543554
27243142
26947776
25532465
24341208
22454816
34565258
34552793
34201908
34055347
30569652
29037929
27000091
26322229
24925897
24379204
23970658
23586346
23548214
22337879
23380197
30338585
22930291
32826099
31993971
28652937
33112853
24206645
22328644
26942354
24095619
30231293
24917067
23413032
34887352
34110757
32546887
27922851
27147267
26333806
25529577
25349693
23983235
23965997
35194141
34988907
34538874
34190930
33083025
30995063
30548023
30187651
29474232
26607860
26117082
25426655
24131550
23731506
23702105
23678058
23355254
34881023
34866637
34730611
33794773
32067623
30272954
28002109
27105564
26971582
26547264
26474600
24914988
23102593
22917693
30775379
34876041
33346966
31095102
28637523
27122100
26409733
25967947
24908687
23315098
23104293
34362706
34057249
31190451
26659209
26067934
32128060
30107282
28683780
32776107
24387885
34911750
33208512
24604333
30626307
27297292
26720306
24818991
32807891
30153259
27290827
29769991
33705748
24969456
29870502
29017374
23407469
35039437
31801895
29185266
34490592
34475357
33861668
33497601
31643239
32854606
32582169
29092042
28260146
27171273
26280325
24454950
23747578
23362449
34417414
33544205
33542153
33036769
32908008
32808581
31389367
30882306
29223965
28120644
27511901
23830869
23613823
23601556
23197282
23158750
22791716
22308534
33793553
32296647
31776583
30320305
28803864
28638824
28913082
26429895
26119905
26047498
25324326
22317841
36303661
34195620
32834786
32563585
29553074
27384828
26708458
25900920
24814157
22252417
33956840
32849325
26845624
24616119
24516558
26285773
34618416
23605850
25180194
35214767
30303108
24622635
33806962
33122424
28362869
22665107
30466466
27881151
25025338
25019616
33624738
31971951
29509566
29769992
23805209
33122425
29165520
30628946
25929200
23793671
23050734
22819150
34396397
32997014
32928965
32919654
32569625
31194715
30296916
28282646
25927024
25492382
25369774
25239276
24086683
23228841
34748579
34650839
33905914
33378545
30234198
31392943
28768469
27816380
26771402
26378187
26222748
25733268
23588214
23496833
23155096
22917694
22729926
22717470
22421690
31695443
30995568
30649333
30421718
30278030
28529540
28290950
27833605
26732001
25533217
25051930
24188541
23447088
23258823
28158534
35019769
29471763
29198180
31390037
32562845
30816632
36388312
34557562
34396403
31902016
31719170
30753898
29947802
29924422
28178111
26877884
36504970
34877840
33806413
31096920
27898572
27536736
26906904
26465813
25465668
25252727
25100823
23677015
33503149
33503026
32750107
30224859
30125380
30052651
28430679
28120646
26859803
26411663
26220178
24762640
34869072
34547546
34039298
32842906
31935208
31812771
31014341
30739637
30577866
30390337
27836808
27031891
25856395
25736881
25375642
24983680
24282565
23260839
33382076
26125141
22421693
33382077
28708696
23462098
30520971
28357281
26602623
30920739
28369241
25569427
34225661
33717675
31479500
31194717
30502515
28705462
27297882
26951818
26644436
24612901
35212932
33857474
33472928
33062385
32829308
30019769
25013975
23258645
35013084
31095100
28806985
28445684
28329383
27706174
23187982
23147735
23053434
22563554
35712312
34671693
33773075
32911499
32753001
32611546
30733424
27542698
22878023
25296566
28487398
31379424
29435591
32094149
29454196
22957710
32976356
32880344
32187221
29861622
29528996
28765222
26462189
22943919
32342905
29336823
26819339
36174054
28373241
34775078
31821348
30863622
25211256
36304236
34987225
34706763
32074119
31382322
26042815
34791363
33973355
32188772
31781517
31420018
28950852
28701272
26586777
24521723
33891652
32212485
24291713
34301675
32994261
31896736
30791443
29746535
24462432
24220356
29729635
26165434
32989170
23173294
29926944
29926499
23892192
29276051
28662181
30186254
31010954
23716675
24898857
34110740
33824203
31596737
29240636
29142397
28923377
28476913
36388309
33136149
31453926
30181326
28777262
28159916
34177961
34154600
32647750
31051265
30900994
30837248
29567802
27146362
25995221
23478318
35012346
33277768
32883750
31624177
30201794
29053737
28406272
23407467
29782292
30920748
31643208
35025928
31056291
28843621
29465747
24367766
30510656
34983422
28350843
25825429
24974317
22341824
30926519
32932211
25714102
24150466
23880127
26302175
26061040
34673531
30285705
33879251
33417838
29689080
31607467
33528794
31031172
33608480
32030356
28559923
24286785
29574464
26372927
32959365
29304083
31643179
24771307
32345231
33234606
31099330
34169683
28436019
