27506605
27141096
33148708
26529166
28003354
24622331
29329176
31675147
26327539
23859910
24836415
23265744
28566614
30838004
33760080
24431187
24578348
33526591
28646898
26031293
28003355
27795343
27196259
28345188
30877674
31119615
32767178
33758372
23234737
31362987
35213551
32402736
29370373
33758087
24521729
23764301
28576786
23836816
34110743
33723736
29465642
28832870
24462210
24243882
32602460
23935503
28842528
31978353
31415746
28400529
34214531
34107540
28684610
31344102
23717204
26270114
26760183
27836225
25911525
23754333
24801359
30770529
32301751
26962074
22578934
26145201
29329182
33411920
30689929
29419710
31822275
29126282
31654792
29360986
25926404
30995991
23965779
25691638
28859312
26679255
33351912
29124540
24571972
32407703
31681305
32787586
23623686
22368277
26165435
31119625
25122855
28348872
30627130
22984084
31175401
32842047
25143534
32289262
25812453
32766725
30068746
24501765
32568875
30957153
31713620
32221472
28654654
25701734
22493338
31248368
34542856
36683679
23639791
30305317
33014885
33524048
23024224
25352692
22874837
27506628
32363389
33871442
31710445
26415750
31113904
33029766
27353397
33388573
27179879
25792538
28427377
33205903
29420445
32877526
24462211
27381912
35061780
31415041
30205870
30692169
23407126
28079519
31734695
26589091
23884152
29182773
28876323
29536365
31811739
34741618
35811666
25585061
27530264
33724756
34737332
25411689
24571973
23108670
24702589
28137938
24275266
31781772
24515768
24622633
30995376
34817203
35047416
32830242
33139288
30954953
29856349
29428256
25060698
34930626
29902495
33736608
30357408
29279442
27381919
34609833
33763825
33658263
25712352
27371346
30100098
25251852
23970741
31578246
33632090
30800666
29155673
31119638
27999043
27119076
22993183
29458552
28094065
28404675
28384279
24571974
24571971
30788502
28333355
33848042
30063202
30260702
29617982
23030644
30165819
31119634
34755593
32692363
28490486
25372111
32423944
31681634
28460033
31790511
22706217
27427203
29066619
26766527
30266769
29659749
22493096
25211252
34110758
22361030
33436503
33318010
28701270
27132316
34355690
31809690
32766713
34458918
24987099
28876284
30903707
30659036
30249196
27532335
26457488
32870912
33188803
34022392
32279277
33570465
25371490
33094716
31662418
22882265
30072794
31978352
32304528
33005903
33045162
22491994
30779755
29897041
35102276
23970742
30985632
30403946
25392357
24077312
31292063
32530591
23261468
32897327
28957453
33208513
32929254
25504297
35076010
24007340
22706212
27130478
25868141
28108699
34731020
31320599
26084073
23416957
24964277
32571818
23949591
31276596
32298551
25016599
34029611
32624359
31705704
26837460
34510008
31670808
34492693
31319352
24126735
29674407
23036167
33168608
22244992
31651709
31217322
29601324
26518045
35306445
30181210
30647161
28073612
24113196
25868134
24567444
31109850
33170275
28052997
28253939
23245412
30564232
33242473
34407013
29240781
27382010
28659133
23313483
26652855
28805699
33765392
30778550
26423658
31511332
28910265
29465637
27264171
32009570
32517577
29021154
33077658
32484607
33162204
23609458
32977759
34872437
25609726
23692878
32798687
28407651
22337114
32929456
28858332
27698424
26498786
32730397
32770820
29343220
23739605
31157731
29270390
32795850
23856883
31823768
33177123
27932616
30364212
24077311
26023809
34524062
34497776
24813921
32024723
23209280
30909883
25013979
29776807
34694413
29406492
26939573
32068837
25670773
26941028
27116008
22397838
24123871
24740081
31119629
28827305
31307183
23002192
32605597
27984552
32073548
30509194
34187371
33207228
27122199
24202206
26601852
26412834
27471322
26119074
22581892
22518864
34013864
25547354
30443344
33508084
24126526
24337731
32811545
34581604
33044490
25340397
34324655
27259894
24188598
25330335
32295478
28512023
23564168
31213219
26826161
30461598
22537232
31119622
35252037
32785692
23153085
25925502
32759973
33117493
24632515
26466451
25028887
33268771
30676485
29748180
32418509
31476278
31930578
24188607
31182361
29271025
35131478
23368846
27366021
34854620
24810212
32019756
32031617
31241038
32523077
31119631
29906594
32868325
34774742
25552049
23727313
22503167
33367806
30541468
32190837
26077246
24201828
34716431
25118322
32341705
32035231
33853224
31099331
29499642
33930160
31046619
32127453
22707135
23279089
31119635
23407466
24737798
25188454
27091503
28893203
29509792
24696024
32423958
26817487
28412384
33741965
30730922
26165430
29976520
22700700
30392736
24210280
34052582
27440873
27183633
28043232
34731021
31688726
31203584
28043233
25483706
32988340
32988339
27895130
31296280
34279031
35967879
32110902
31536154
27261924
31437420
25418572
34633965
25605771
34962968
30086346
32120033
27806034
32976359
34496730
31417035
33883524
23863567
34503404
25836384
34652397
26976875
26102632
28348864
29664765
33993166
32008410
25471928
34962987
24583444
32114973
31940454
30198837
34932932
25017717
33533315
22835466
25222211
28679521
24089576
32114975
31940453
31940452
34225553
25802857
34396399
32661002
23424672
32841434
32817230
30988037
34433797
30520712
24797914
28483370
26620348
22446590
25799263
32132192
27353752
27100764
32544235
34610459
26418128
32393643
23965768
35065062
23219271
23630956
22627011
32473014
24413490
34396413
31424547
34914887
33492527
23236082
24064219
23920397
31207203
29523498
23508446
35067598
23592974
30559203
31365550
24777471
30171763
28126741
29914847
29738073
27707952
32019895
32089824
27898565
31119630
33533239
28462458
30462276
33574133
22142497
30807034
25544662
27745575
24429757
28148678
25990783
34396408
25742085
29386078
23603529
26398713
25512672
32359875
34280016
28214305
30403954
36110842
29088226
30551148
31818965
23140621
31581287
24306007
32516318
25947148
32799032
31782394
31513857
31960732
31644498
25212090
24203572
30587234
32766821
24236734
32105602
31288994
29028971
24196751
23236033
33242474
28510723
30943191
34110736
26104562
24650008
32259846
23660013
34498079
34535614
22334604
32356960
32664833
31951687
29465688
25211254
32393483
26239980
31216278
33564854
29776806
30308531
24614721
26602618
27902560
24837286
30694323
26077759
29177089
23694937
29680200
22661631
33082236
28960028
23856383
31024540
26462191
32817227
25512673
32519969
22146107
33397798
23826337
34894246
25692800
23966022
22252268
29045604
22259215
27120936
25907207
31661468
30878688
29174733
33460481
34315805
26192351
28413202
29450767
25464974
26168713
33997030
26622046
24604552
25595915
22801346
33739419
34030155
24448560
23231859
24711566
26591660
28652307
28899333
35017488
29329178
25299410
30670509
29247204
33045163
22595630
33671065
33102576
30873172
34530901
30858330
33444557
33875459
34190475
33201020
34020481
29420452
29912682
24859038
24599315
25098185
28039432
29360873
33622474
34367437
35846739
23221802
28746372
23965770
24586792
25953962
32247863
23806149
32347756
26112875
28506737
23085077
35007131
33448727
28514990
22948154
35263349
25316918
31119633
26080747
28360378
33949223
29034772
24577885
32694582
24118571
27929243
31324518
24486047
24080632
25161175
26630657
33928799
32172790
28798195
33980576
34304706
23260686
28697843
26849693
34125636
26927226
33886170
29021080
32977356
30820563
25596304
22542425
23751932
28153820
25313204
31837714
32829411
21933698
33953398
26666587
32040516
35873141
31417575
28407642
32033533
26063863
34496731
32830243
25727286
34396410
26706392
26693700
22511000
31340941
29074030
26184337
25485648
25917402
25004630
34053955
28406994
30963175
33376171
33478403
30415606
26226530
32712655
23422446
29100864
32664831
23193948
35137690
22302695
24484215
22498167
29698421
35231823
29796611
29538469
29420451
29213101
26967296
29559392
33406237
25970311
30171774
26299582
28114879
32737509
28079747
34641375
29511067
29729331
26729391
23075920
24722391
28876289
32997962
33208509
27871917
34711144
33993157
33934693
22366419
23598167
28844044
27639378
28868962
36189345
23995689
25753079
33201019
28930511
31515293
31556949
25763675
31488838
34933533
27765581
35212944
27572098
29493405
25512669
32692362
29465709
35813416
25569801
32649579
32442426
33020835
28608788
26210760
35217590
23460055
34089202
23733950
27485832
33945580
27246232
34920179
28340291
34110754
31415336
35271658
25581806
33558293
28004550
22581895
32156570
22622447
33193396
34051184
30982000
33045339
34494952
34458921
23407470
33229966
33433170
29581560
32050884
28469158
34282741
33060666
23970289
22807532
33845205
24243883
24000224
27418572
28822976
28072668
35189278
26739719
32877521
23071134
34570799
29038284
35162547
33949249
29752412
29262291
30985634
26690658
25501038
32828583
30114369
34404750
28801418
23584805
32496386
29803329
23559833
33929158
34069858
31974213
31881862
26602615
35156850
30134832
24867819
30095784
22534388
26089222
26930148
30126947
25581808
23461302
28932707
31196813
25463970
33625487
29889926
24997675
25695394
32956240
24918549
30950981
29690825
28692536
24009500
36466460
30084883
25157184
25170386
23152483
22349975
24450867
28942419
29198179
25239090
32460721
34229521
25267407
31647617
25015933
