22371042
22384841
22419642
22421690
22421691
22421693
22424245
22561757
22707135
22471518
22534388
22387629
22564463
22511109
22513915
22465117
22545922
21762193
22233276
22265179
22293657
22350326
22425040
22475835
22498155
22498164
22498165
22498167
22504590
22504608
22504609
22525912
22563554
22578934
22729196
22829988
22830280
23065646
22427578
22583480
22586179
22610705
22525317
22665107
22919659
22783236
22231476
22251247
22252417
22267815
22277329
22302695
22308534
22317841
22328644
22361459
22370921
22407226
22431649
22431650
22446590
22449336
22459660
22483084
22493338
22505684
22592825
22624851
22688818
22733418
22807532
22808665
22816103
22919287
22946221
22978046
24672680
22919668
22296995
22675117
22682294
22716645
22748006
22730542
22689982
24893051
21979301
22261236
22421110
22431798
22494890
22516802
22518864
22569465
22581790
22585734
22621817
22624979
22665342
22665925
22678036
22697142
22706212
22706215
22706217
22727081
22742483
22762073
22772614
22846120
22870399
22876801
22930827
22937701
22937702
23038845
25493166
22747602
22762232
22767613
22767614
22783058
21827822
25478103
21797933
22113367
22252268
22258649
22363020
22375045
22399277
22455539
22517887
22615318
22622447
22644029
22669447
22698048
22797690
22801342
22801343
22801345
22801346
22803817
22861662
22904135
22928280
22930291
22970467
23007212
23007214
23009008
23430959
22711538
22883325
22907315
22894815
22761422
22824940
22402815
22569709
22795612
22855710
22877592
22877595
22877601
22895675
22902661
22902666
22902672
22925125
23033522
23033525
23033531
23093203
23157136
23163048
23197282
26782047
22846397
23000869
22984897
22169584
22491994
22517888
22535909
22544308
22564212
22646503
22661633
22672264
22738848
22807527
22821199
22878023
22968052
23001266
23007248
23007249
23082961
23083043
23116355
23176863
23189457
23210107
23210390
23241124
23282493
23298500
23926547
29662365
23050685
23110684
22850275
22052774
22628664
22633246
22645390
22661631
22884019
22915612
22933594
22940277
22950949
22960504
22961851
22984084
23002192
23015646
23050734
23064532
23064538
23106370
23155097
23168304
23184593
23285436
23367762
23379188
23380197
23457138
23157146
23174009
23129646
23198910
21864020
22552906
22595630
22717470
22891032
22901061
22917694
22934581
22940493
22981069
22986006
22988022
22993183
22995365
23015673
23042990
23043454
23113560
23128289
23140620
23140621
23142353
23168755
23169170
23187982
23191952
23228841
23258823
23373030
23391789
23391797
23440251
23488303
23593733
23593735
23198689
23053434
23216954
23236032
23045619
23316985
23157728
23253518
22959960
24893303
22429498
22449180
22540376
23006599
23086406
23100348
23100568
23104293
23132491
23178502
23181977
23244274
23254117
23258645
23260839
23294642
23308295
23326612
23342025
23358892
23362449
23390905
23409113
23424650
23429090
23431368
23435820
23441233
23457650
23508446
23509729
23512512
23513400
23516655
23527131
23548718
23555586
23555616
23590351
23648243
23654060
23690681
23698492
23705835
23724517
23766556
23781508
23785233
23785284
23822625
23882139
23888605
23914292
23926558
23950718
23970289
23990843
24008484
24223415
24300765
24340964
24367281
24382941
24418917
25098047
26105737
26316957
32226590
23146675
23324823
23343391
23347393
22199135
22683893
22728911
22855433
22941863
22941864
23076401
23102593
23118476
23158750
23171088
23204471
23221127
23221768
23236082
23243063
23256948
23321989
23324973
23324981
23405376
23461304
23461305
23550267
25340218
23375142
23402242
23390952
23335262
23428270
22484838
22763410
22984085
23024224
23038711
23158104
23158366
23158652
23194411
23218799
23222729
23254134
23256944
23256953
23277388
23287699
23299013
23319558
23319560
23320468
23375081
23403604
23407467
23407469
23407470
23407472
23425799
23427929
23477553
23514834
23529298
23548214
23592294
23620154
23621949
23640561
23745341
23496833
23823885
23255565
23532978
23460336
22417755
23000752
23107293
23223595
23303804
23317578
23355254
23378575
23391639
23392481
23416214
23419460
23433914
23453701
23486492
23486493
23486500
23505256
23582071
23620184
23620186
23768092
23867681
23926567
23970658
23970662
24083010
24258059
24639758
26591714
23400774
23375977
23261696
23620749
23601556
22949217
23631602
23631912
22777641
23158843
23201171
23328697
23353013
23369293
23414449
23425506
23449004
23467604
23478318
23486711
23486714
23509912
23525359
23546865
23548755
23584805
23588122
23588125
23637308
23728751
23819400
23819423
22986056
24009891
23545893
24600556
23691028
23696825
23700432
23704128
23717625
23705624
23692878
23793671
23738030
23741420
23093735
23315098
23395560
23467600
23478971
23507273
23518359
23523596
23541981
23554203
23554208
23677015
23680906
23680908
23970750
23970751
23970755
23970757
24235946
25095696
23755308
23785247
23768498
23785525
23799146
23470847
23904877
23786423
23794585
23727243
23351274
23377534
23436027
23542454
23586346
23588214
23598167
23637300
23651619
23678058
23702105
23702200
23748338
23751932
23792903
23895711
23946479
23965768
23965779
24058897
24100816
24341208
23823683
23861986
23874749
23875038
23874730
23590987
23936096
23876687
23894341
23935908
23936573
23703617
22897222
23220783
23327247
23430706
23639791
23644175
23673287
23680222
23708130
23731506
23749408
23753625
23796320
23806149
23806660
23813703
23858500
23859905
23859906
23859913
23870029
23915415
23970572
23970591
24126358
23940777
23919807
23661795
23661799
23955190
23957327
23939174
23608632
23991024
23968487
23987831
23987832
23158540
23271498
23494197
23605850
23647919
23708800
23722921
23776193
23794619
23804384
23818716
23821769
23831212
23836817
23845558
23852872
23860476
23945422
23958358
23970585
23970594
23993451
24002555
24010388
24020741
24135174
24475696
23867464
24046809
24146687
23924396
24060200
24086683
22541067
22789437
23526412
23639679
23749142
23793551
23800942
23812958
23830869
23837619
23842467
23891224
23904075
23904458
23983235
24218946
24237439
24248162
24275729
24355218
24382185
24441248
24116144
24029580
24129624
24131550
24138699
24148656
24150466
24192560
23966022
23427272
23580610
23698512
23821471
23849061
23863874
23870458
23911713
24033501
24074902
24076992
24091779
24111488
24113404
24134626
24192348
24235068
24342787
24188541
24206645
24215287
24236009
24238294
24096029
24131208
24278400
24266906
24282565
24303023
24324933
24400036
24286785
22627011
23830072
23861207
23873765
23909922
24000224
24036669
24047438
24056107
24075820
24079950
24079951
24080632
24088850
24095619
24160747
24185178
24202554
24220356
24238108
24243716
24261726
24262217
24274654
24275271
24294616
24337121
24522303
24300158
24324615
24324737
24363655
24334198
24381934
24392355
24564848
24381252
24391860
23807656
23970627
23970630
24118383
24126521
24188598
24188607
24189259
24197878
24331366
24366753
24390919
24417784
24438725
24462432
24501151
24584375
24606489
24684032
24689719
24728243
24739832
24745195
24757446
24762640
24772781
24798016
24810350
24970962
24982675
25032212
25080811
25083897
25172291
25189136
25287838
25309740
25345236
25421201
25471163
25483666
25522709
25554725
25614838
25675615
26050420
24383586
24526918
24129440
24354275
24439903
24454950
24466199
24459269
24465954
24460893
24468054
23611401
23711359
23725796
23906072
23920398
23939010
23970638
23972426
23996104
24022847
24106338
24106340
24206234
24350790
24353266
24362467
24395291
24413484
24433194
24478509
24486047
24493491
25954485
24365515
24503298
24525196
24533538
24120110
24552420
24586162
24559849
24586120
24474273
24336210
23730727
23759367
24026408
24184305
24214488
24216036
24216037
24216156
24234071
24273127
24291713
24327758
24337731
24337732
24343644
24343651
24363344
24365033
24431187
24450867
24508691
24515768
24518282
24521720
24521722
24521723
24521724
24521729
24588896
24618022
24618039
24618046
24672617
24685900
24736142
24757735
24761248
24847612
24862043
24594663
25374648
24762692
24599315
24622331
24646934
23973245
24606636
24649964
24651768
24654238
24047881
24297377
24346121
24411218
24443531
24509351
24621121
24622635
24649815
24696438
24720755
24785603
24878918
24969456
25147704
24695371
24695582
27025738
24530404
24716676
24722392
24448262
24721461
24727742
24783061
24727516
24736397
24783060
24886846
24755001
24758169
24872872
24337733
24366777
24413970
24448560
24458565
24512374
24513099
24552584
24566180
24595143
24659687
24681882
24719029
24719031
25098114
24816542
24820470
24607214
24711617
24885306
24976873
23523029
24352129
24376189
24428415
24460742
24474636
24484215
24493859
24506514
24518939
24567522
24582738
24594973
24653040
24655220
24663021
24680363
24695778
24695903
24734149
24749920
24778450
24828565
24834454
24861439
24865642
24939689
24955802
24983532
27275411
24918090
24897111
24906862
24911516
24917067
24915990
24959423
24959424
24921247
24923486
25026858
24415785
24959205
24955832
24967629
24971628
24972919
24352134
24352135
24446528
24633167
24690473
24696024
24711570
24717166
24733093
24740081
24759719
24768625
24780199
24787738
24798277
24859465
24875405
25080332
25151762
25166434
25180857
26396445
32287359
24997675
24891214
25011479
25019210
25019616
25019934
25022301
24338606
24338632
25025338
25051930
25068694
24196751
24522393
24583966
24602605
24613856
24704369
24771307
24810212
24814157
24818991
24838663
24855914
24866804
24869855
24898857
24899041
24942261
24951461
24985494
24986642
25013973
25013975
25016599
25066238
25184348
25195368
25297359
24992718
24958721
25106851
25123797
25027937
25337183
25153124
25157184
25158743
25237598
24862987
24480850
24604333
24982265
24987099
25001308
25038093
25054477
25070851
25118322
25118973
25187888
25322708
25349693
25352887
25412486
25412551
25056950
25077421
25621003
25309881
25215504
25114102
25243015
25153930
25254560
24203685
24337865
24567444
24585717
24612901
24700815
24705131
24723309
24809274
24833521
24878744
24942817
24998449
25056129
25060984
25066435
25100823
25116793
25122855
25150957
25159333
25211249
25211252
25211253
25211256
25286957
25352707
25383001
25532465
25289640
25293760
25417359
25313403
24755433
25324326
25331311
25386180
25352618
25356686
25358497
25927224
25193659
24728044
24874538
24935861
24974317
25100744
25129857
25132162
25154560
25172824
25200263
25250726
25299413
25299418
25303829
25316918
25340463
25436876
25437724
25484389
25675802
25394161
25397411
25369774
25378473
25375642
25414835
25437549
25388670
25392082
25253688
25484919
24529883
25403312
25421093
25324548
24387885
24548090
24616118
24616119
24695015
24827556
24920666
25013081
25107710
25156010
25222531
25240514
25256084
25287930
25288086
25315131
25330794
25377871
25380734
25381374
25419772
25442760
25491714
25500516
25532886
25580274
25581806
25741424
25472658
25471819
25501038
26237608
25043452
25514140
25526679
25528659
25550323
25551828
24695017
24810211
24983680
25313220
25349155
25381292
25385457
25399111
25424053
25445657
25472923
25483545
25504300
25526018
25539432
25553280
25554607
25630006
25654356
25683522
25685793
25695086
25755892
25785190
25794609
25800840
25872387
25877089
26023809
26086164
26158574
26158582
26211606
26234041
26260728
26316982
26392647
26392654
26409548
26424277
26424969
26496536
26528045
26535784
26557143
26591660
26653262
26663988
26675210
26691007
26732001
26829843
27019911
27032228
27142499
27407230
27790645
25448112
25544050
25544054
25582975
25590331
25615574
24404853
24976530
25107711
25282115
25336625
25342812
25382739
25404022
25439605
25472488
25485648
25490105
25497459
25500096
25514575
25529577
25533217
25541008
25579069
25585069
25654676
25796688
25854004
25854005
25854006
29769927
25705208
25717440
25569801
25886914
25690695
25697765
25714363
23572374
24828551
25253762
25281761
25348220
25371420
25426655
25512674
25540390
25540399
25565213
25572939
25622941
25637024
25659837
25668640
25668641
25668647
25692800
25695394
25728085
25733268
25770718
25782033
25822427
25954668
25992931
26790015
25751782
25764187
25756658
25829036
25880077
25799263
25815466
25870512
25826298
26063088
24643518
24867819
25069382
25148655
25498158
25542839
25595915
25604091
25661498
25704502
25713205
25714587
25732755
25768859
25776842
25866006
25866566
25927024
25953941
26023576
27492544
25859659
26131227
26034530
25901349
25906164
25906393
25909443
25738816
25915399
25922100
25922103
25925662
24912535
24925897
25015933
25237127
25243719
25313204
25326872
25352691
25614466
25721352
25734538
25753079
25771502
25832444
25836384
25868133
25868134
25887854
26467132
25965545
25920978
25970613
25492913
25648236
25978204
25995221
26010772
24523487
25013220
25624153
25717022
25724891
25745888
25752416
25761873
Deep comparative genomics among Chlamydia trachomatis lymphogranuloma venereum isolates highlights genes potentially involved in pathoadaptation
Tang L, Chen J, Zhou Z, Yu P, Yang Z, Zhong G.
25981375
25989525
25990783
26099898
26197536
26031715
26042774
26046359
26061040
26083250
26084755
26089520
25959533
25944661
26121655
25761740
25823977
25833314
25917593
25926497
25930206
25934156
25939505
26010780
26015828
26125533
26131720
26147143
26195682
26222746
26222748
26431666
26633925
26665775
26692622
26849693
26118995
26169173
26195002
26207372
26208181
26208287
26220935
25957906
26220080
26220178
26227590
25995447
26230085
25208533
25512673
25533744
25592078
25637328
25714102
25883118
25981184
26022653
26056386
26063863
26086356
26109550
26119074
26165434
26165436
26226530
26411177
27468642
26248286
26258949
26262680
26290487
26103808
26163492
26179901
26285578
26308015
26296545
26313645
26204507
26464610
25209133
25228665
25258396
25542628
25543825
25688105
25759475
25792537
25957137
25989718
26075961
26099591
26119905
26228577
26255890
26270114
26272230
26294690
26294693
26297635
26343285
26355309
26468024
26622462
26779389
26195634
26353867
25900920
26368294
25748320
26220855
26290580
26442221
26409733
26418128
26418464
26423146
26424482
25307616
25605479
25944533
26089222
26093189
26117082
26173998
26194784
26216426
26216849
26261088
26283550
26290316
26294142
26299582
26310245
26360418
26372927
26372930
26426122
26429534
26743574
27491159
26505372
26417105
26462790
26484535
26281916
26471806
26475265
26490436
26494683
26501198
26505892
26510418
26087051
26513479
25505046
25637946
25746042
25855625
25990954
26169749
26201300
26235316
26320027
26327539
26369711
26371177
26378912
26428856
26446421
26457488
26462189
26462191
26482506
26501593
26601835
26829838
26536616
26556273
26568232
26576538
26584483
26438824
26608578
26616738
25858681
25921018
25935930
25940434
25940936
26010580
26019232
26107497
26166475
26302175
26372530
26386066
26413816
26416906
26416907
26416908
26423658
26429774
26453268
26453947
26515484
26519447
26586849
26625285
26691043
26730366
27066178
26656452
26656797
26667838
26602615
26602617
26602623
26602624
26666587
26734002
26681200
26687891
26657117
26779446
26699167
26713628
26616600
25601300
25663246
25929200
26084267
26153117
26160018
26386469
26489840
26489857
26507934
26511740
26578244
26580416
26650989
26650990
26656441
26691509
26691688
26727196
26743152
26787639
26862428
26889644
26904785
26961815
27020297
27031891
27064841
27076145
27094840
27095929
27119076
27144177
27156324
27189090
27213552
27218014
27242899
27313440
27366021
27463616
27500582
27512795
27514125
27514136
27536736
27559553
27610383
27631046
27672303
27720012
27747116
27756453
27803429
27937043
28217702
29370486
29370498
29790713
26726882
26729391
26730599
26739719
26739733
26527644
26771906
26774818
26787828
26790411
26807957
26808155
26813809
26813816
26812948
26817815
26822715
25580560
25969541
26002319
26082320
26136508
26268662
26283740
26285773
26447825
26512034
26514579
26547264
26567608
26568059
26597986
26597987
26613554
26658657
26659209
26760178
26760180
26760181
26760183
26766527
26769308
26771402
26779687
26805615
26829550
26841046
26930148
26930149
26942354
26951983
26837460
26842360
26842862
26860629
26871455
26871898
26877884
26347571
26879379
26880101
26912299
26919720
26927453
26927226
25651208
25812673
26268510
26275416
26280325
26297719
26381674
26404946
26538553
26656886
26676260
26719439
26733496
26810921
26858799
26858978
26859803
26892930
27007215
27043670
27070965
27294217
28913082
29900103
26942752
26849778
26974653
26981769
26987367
26988341
27001608
27006461
27026347
26442504
26577338
26608577
26678863
26706820
26708458
26755533
26775010
26787715
26845624
26846572
26867646
26883826
26886379
26906904
26967296
26995085
27141466
27166039
27642272
30088705
27089359
26962046
27079521
27082962
27090402
27138664
27102989
27199987
26555849
24712657
25957327
26166139
26265066
26290483
26582560
26586777
26597572
26849001
26892292
26914207
26944507
26949934
27100764
27100765
27134121
27158510
27244777
27384828
27531428
27144573
27144308
27144856
27144857
27144858
27146362
27152704
27247863
26686917
26743846
27122199
27215275
27219121
27227411
25957326
25999170
26307516
26487754
26519942
26732253
26771145
26819339
26888658
26962080
26976875
27013259
27028620
27040805
27046236
27050292
27091503
27108705
27112831
27196259
27196260
27196261
27200521
27200522
27225257
27225259
27225260
27348456
27429850
27525325
27559544
27598277
27865215
27256995
27277944
27105564
27263495
27268218
26658669
26908758
27366689
27335367
27342438
27354249
27362788
26158451
26350429
26598978
26647717
26720306
26878091
26931504
26951818
26971582
27021640
27064452
27114464
27116008
27130478
27160295
27177510
27243142
27322041
27322048
27412206
28994548
30581580
27404379
27412444
27434536
27454254
27425412
27448797
27325352
27464881
27467585
27389169
26874079
26886234
26938202
26952078
27091634
27164464
27165786
27208400
27238759
27246568
27286952
27312142
27324895
27414683
27419816
27435913
27502695
27617108
27695641
30226955
27483002
27486990
27681919
27502928
27505160
27260786
27588273
27602332
27681924
27580005
27566631
27575840
26140694
26199286
26378187
26378192
26474600
26646684
26843401
26895879
26987564
27104338
27126261
27180823
27261924
27289389
27289390
27307460
27320172
27329197
27350659
27382018
27409330
27430220
27452428
27459516
27513386
27542129
27660878
27703536
27980376
30226949
27576537
27583686
28357377
27603015
27606424
27314179
27614611
27623210
27631978
27703564
27636704
27654497
27658027
27676175
27677792
26384942
26394998
26429895
26706392
26706394
26945591
27147267
27430273
27472980
27497595
27497657
27511901
27513890
27516227
27534801
27573578
27620201
27626187
27631353
27631354
27694561
27752891
27958189
28112332
28112333
28636866
28723470
27695076
27795880
27706174
27722490
27774439
27724878
27754314
27754466
27803864
27783757
27783678
27784280
26446138
26977087
27062399
27436813
27480977
27501926
27561417
27585214
27596147
27600502
27734269
27738813
27764650
27765581
27767927
27773503
27773509
27776813
27788979
27811461
27893595
27893596
27929243
28201690
30208367
27809795
27812208
27572098
27861521
27871264
27881530
27892938
26511655
26538551
26538552
26672002
26888660
27083192
27142891
27288416
27402054
27701927
27771470
27779096
27784728
27804991
27810130
27817999
27820670
27830198
27835626
27838487
27852877
27859689
27859690
27997089
28146186
27914477
27931519
27965446
27738051
28293360
28006003
28030602
36494989
27068255
27282422
27418355
27567124
27605103
27629896
27638011
27689353
27709575
27795343
27898565
27898567
27981386
27981387
27986766
28007229
28087650
28115359
28140605
28280796
28303813
28303822
28442805
28443807
28459057
28529959
28600759
28638824
28798890
28883273
28948060
28980570
29236386
29259388
29318147
29391959
27894718
28057084
28052070
28056825
28061753
28074107
29201413
28119858
28041929
28086915
28062393
28329470
28099433
28106821
27000449
28184217
28129328
28129372
26607860
26792283
26826161
26846151
26887890
27288417
27712952
27773758
27786615
27836225
27836808
27855081
27922851
27984551
28045107
28068218
28079746
28079748
28079749
28079750
28094551
28100758
28224434
28345563
28462398
28535271
28183393
28183394
28217555
28223970
28075562
28182670
28205505
28226066
28080049
28199392
28261569
28214469
28225805
28226239
28225683
28293541
27154958
27627462
27743678
27787348
27955881
27993657
27997721
28011911
28077695
28141509
28175294
28178111
28178119
28182591
28213576
28257539
28277149
28282487
28290932
28290950
28252385
28357396
28281536
28329941
28288672
28352612
27956455
28327096
28060011
28347402
28350806
28350843
28362869
27235696
27739160
27988270
28002109
28088589
28092481
28093789
28282645
28282646
28282652
28369275
28377334
28388469
28413202
28631649
28681823
29253450
29492935
27835064
28330939
28406272
28100498
28228394
28332661
28435302
28399798
28399813
28449734
28449737
28329383
28428838
28426814
28427377
28436019
28438125
28440293
28442719
28496443
28453175
26969456
27502694
27582249
27793330
27816380
27862349
27990018
28073612
28214223
28223346
28258251
28264910
28377422
28398639
28407642
28407649
28425301
28509026
28535856
28617561
28628024
29717826
28385608
28465429
28467432
28469158
28472926
28482436
28553623
28413133
28402260
28510361
28514660
28515460
28567043
28525970
28531212
28456528
28559923
28562672
26304641
26415750
26576707
27084839
27440873
27542698
27600207
27759910
27979910
27986968
28095586
28167140
28189786
28254763
28283408
28297632
28301989
28306562
28336198
28368459
28384432
28404675
28425774
28444306
28445684
28477924
28499283
28499285
28564566
28564567
28570638
28570663
28576785
28590237
28660278
29209488
28577539
28616412
28601086
28660176
28706939
28369227
28396349
28520912
28622339
28632191
28652937
28646898
28721112
28662043
29263922
26527219
27558163
27582306
27707952
27852922
28220321
28430679
28461392
28490486
28528844
28588068
28593794
28604481
28604482
28608791
28608794
28634195
28693667
28694268
28717267
28722452
28820419
28871927
28989185
29063885
29063893
29205197
29560668
30148266
28674410
28757928
28602608
28698342
28770172
28546072
28838074
28838077
28838078
28838150
28635162
28770201
28744480
28747198
28795162
28754106
28431099
28472466
28505248
28582495
27864473
28235839
28260146
28475737
28476331
28487054
28516400
28637523
28703728
28771138
28854672
28828298
28852668
28797112
28806985
28364702
28765368
28813455
28851925
28912770
28067600
28159916
28201951
28228485
28316071
28361246
28373241
28505240
28532600
28632470
28648621
28679521
28741188
28747059
28803120
28809772
28809773
28827304
28827306
28899468
28923817
32944702
28739800
28951853
29034107
28898240
28520854
28915869
28966918
28918430
28934342
30234930
28937705
28692536
28945766
28945814
28830072
28830076
28854690
28114879
28120644
28120646
28134005
28166698
28186463
28323193
28444417
28488731
28629687
28701400
28784680
28803864
28867456
28878094
28910265
28913832
29080882
29208873
29405144
28973037
28835360
28993385
28988539
28988540
29067282
28855311
29043753
29052561
29053737
28032361
28148678
28238212
28396556
28476913
28502874
28534712
28555934
28639162
28697843
28708696
28799270
28836704
28864426
28876314
28878004
28918068
28943174
28960028
28973295
29022366
29022544
29048296
29066031
29124247
29140608
29364432
29404533
29487468
29118442
29167794
29125849
29132441
29180986
29029270
29141635
29150677
29150724
29162849
29053275
29170355
29225789
28961985
29040458
29190298
28334949
28497706
28583015
28668360
28777262
28832936
28876302
28876312
28913776
28914654
28921726
28923300
28929792
28970272
29016320
29021154
29074030
29128125
29140889
29175995
29223960
29223965
29285712
29317940
29376018
29376609
29492473
29176144
29216217
31618181
31618186
29276602
29312283
29322031
29232399
29232692
29376031
29240704
29240781
29246195
29262776
29262799
29273004
29282126
29040500
29186396
29284768
29288183
27033698
27197644
27370345
27370346
28506737
28741042
28784332
28864236
28876291
28930567
28988996
29027172
29038126
29071471
29084894
29122514
29141720
29145645
29185266
29196272
29218640
29232584
29240635
29240636
29264970
29292525
29313867
29380707
29553074
29563718
29664545
29667379
29692244
29940550
29995572
30078192
30135344
30147240
30212594
30226491
30488757
30532107
30724996
29293503
29298975
29304083
29123027
29136127
29404279
29363431
29410954
29417046
29253201
29382731
29386631
28152632
28421619
28490581
28600332
28637238
28698211
28838352
28868962
29028971
29077843
29117636
29132924
29158429
29174733
29260659
29267064
29329179
29329181
29388547
29396306
29439753
29451375
29770100
31034186
29402241
29419807
29426279
29217176
29468197
29447155
29451881
29670466
29463279
29467021
29588922
30756005
29476106
29482619
29440378
29535977
28724744
28768469
28776463
28798195
28799824
28920542
28947665
28967178
29066630
29068165
29186106
29207004
29247635
29258707
29271025
29287991
29309491
29324305
29419710
29420449
29456727
29458812
29497021
29500127
29545798
29560055
29623213
29686708
29512951
29513215
29513221
29538508
29523810
29530239
29538469
29543918
29545442
29549361
29555864
29743811
29279452
29566085
29581560
29643849
31829998
29037929
29059032
29065772
29110319
29126379
29282889
29314736
29334204
29336823
29345808
29358337
29371067
29371068
29474232
29501689
29518642
29524832
29553338
29618527
29635314
29668583
29782292
29782296
29866599
29866602
29435591
29608617
29615498
29617372
29619908
29624589
29634761
29641543
29686882
29447855
29531169
29689080
29578710
29698421
28843621
28919017
28923377
29097418
29157170
29183269
29198179
29198180
29345007
29410060
29454196
29463617
29465681
29465688
29465689
29465695
29483122
29499390
29505113
29513398
29530863
29573124
29692903
29695363
29715319
29847638
29727463
29706504
29743637
29861622
29746535
29760479
29798754
29798755
29868501
30040313
29843643
29900129
29855501
28627970
29066627
29066628
29262291
29377757
29417367
29450767
29452143
29460228
29465660
29465674
29477653
29510061
29608959
29722270
29729435
29776797
29776798
29879239
29898936
29901419
29932086
29935063
30003068
30068468
30069240
29660331
29967566
29866110
30008604
30018706
29912892
29914397
29891717
29946153
29960999
29138981
29146429
29289422
29350113
29465667
29471763
29486628
29512424
29620787
29661932
29693287
29706149
29707933
29712731
29746924
29748997
29848403
29860971
29866477
29896250
29946164
29554238
29762724
30002340
29729635
29735758
30038484
30038262
30094225
30147292
30052651
28108699
29409759
29417387
29420716
29427803
29431148
29465653
29503448
29514561
29627327
29656416
29748180
29771867
29777489
29848563
29850935
29858127
29891601
29892034
29902519
29927376
29987959
30001294
30001295
30068558
30068559
30320305
30483375
30534923
30607273
30106956
30118682
30007329
30186244
30144825
30224859
30153259
28943408
29306870
29389825
29476910
29485537
29509566
29511067
29563165
29567802
29599387
29617922
29655934
29690825
29694796
29703496
29899001
29927624
30038428
30051801
30074473
30095784
30102262
30231293
30317254
30245688
29964134
30201794
30226659
30234198
30294592
30296025
29917111
30249728
30075052
30249196
30319589
31999631
29380356
29452257
29528996
29973128
30038048
30039782
30067432
30074254
30082190
30092271
30096329
30101516
30125691
30179654
30233675
30240810
30303108
30376912
30442635
30524975
30421718
30285705
30284525
30290835
30028574
30303481
30305318
30061357
30450141
29947802
30343849
30343857
30379232
30367605
28072668
28360379
28515200
29642121
29672972
29720385
29749879
29771869
29792385
29870502
29870505
29924422
30049256
30109584
30144190
30149363
30182860
30224969
30281189
30300019
30303949
30321322
30445531
31003249
31145563
30400890
30401777
30459737
30404936
30474023
30314703
30419040
30519127
30424737
30462789
30524392
30453907
30538819
30466466
30477441
28535295
29741592
30496244
30496162
30555802
29175001
29326177
29356877
29358524
29378902
29382788
29559392
29574464
29885991
29983342
30081083
30091534
30125380
30150251
30187651
30251925
30265355
30276834
30397340
30399091
30456870
30499824
30569650
30569652
30581881
30792826
32212485
28992068
30501682
30509189
30518587
30541468
30619180
30550537
30619780
30224436
30297356
30557408
30588417
30619216
30643842
30571705
30572839
30606394
30575720
30580299
30587234
29729331
29914793
29959096
30051926
30148756
30160339
30231833
30292480
30311994
30318465
30327896
30367535
30373805
30429052
30467059
30477893
30554084
30561321
30683037
30869031
30938344
31143862
31364548
31385265
31385266
31385267
31385268
31385269
31385270
31385272
31385274
31385275
31385276
31385277
31385278
31385279
31385280
31385281
31385282
31531099
31658334
31891165
32083275
32537588
32952138
30606127
30192954
30503337
30621621
30625140
30625059
30629647
30733803
30733810
30692972
30396899
30700982
30728975
30654762
30659036
30800160
30084883
30655633
30670509
30805068
30673699
30863622
30590252
30682211
30689671
30691524
30699355
30700477
30766521
30766863
31565737
29636285
29680458
29790947
29925670
30010470
30132214
30153085
30168068
30228109
30246476
30278027
30278030
30293504
30296916
30302805
30336068
30392431
30394335
30402768
30507675
30520712
30543311
30605081
30762806
30778965
30816632
30718536
30778341
30804931
30800114
30765452
30785560
30777008
30779755
30782948
30791443
30741288
30802277
29431149
29906594
30098131
30126947
30181327
30363030
30380446
30390052
30390337
30447953
30466791
30486765
30505977
30528899
30558842
30608525
30629310
30698042
30741802
30777163
30789332
30844706
30848236
30881362
30920739
30920748
30832593
30837248
30886143
30967969
30890604
30893609
30900994
30922029
30962726
32030356
30904855
30928950
30471195
30528443
30551267
30651389
30709562
30714874
30739637
30755106
30799204
30882306
30894687
30902833
30972218
31143748
31745033
30938288
30943267
30948618
30987256
31001235
30947260
30987349
30967464
30971744
31024512
30992493
31014009
31049303
31002729
30858342
31013277
31015326
31017980
31026281
30107282
30119987
30181326
30242143
30554142
30628946
30676485
30683578
30722752
30878686
30878688
30878689
30891106
30926519
31074362
31111817
31137965
31164192
31417035
31062099
31134002
31134007
31134043
31096920
31100923
31101696
31101863
31211044
31137741
31130662
31141911
31142036
31138228
31150440
31210732
32053510
29278958
29937303
30072285
30480810
30606817
30655036
30720674
30962403
30995991
31031172
31095100
31095102
31176395
31213219
31266590
31859747
31890462
32223089
31223496
31164096
31164450
31170215
31249813
31249825
31097582
31164418
30820577
31227715
31249676
31275530
31248368
31253622
31071377
31261812
30081010
30391581
30392736
30833332
30950981
30988057
31046619
31054966
31175391
31179859
31194715
31194717
31233434
31260486
31307183
31553313
31922106
30312389
30873541
31029735
31333682
31306419
31379424
31311884
30351348
31340797
31565624
31440052
31365550
31370214
30375511
30719706
30954953
30957594
31007108
31010954
31055469
31074566
31085708
31097677
31097678
31112775
31122336
31160363
31162639
31190174
31193761
31256954
31270010
31296280
31320599
31468679
31468730
31573518
31647538
31390037
31387908
31440475
31448242
31405377
31202460
31409678
31412025
31386347
31528632
31552195
31455431
31695443
30520971
30394817
31113904
31145447
31225920
31259855
31284840
31285254
31286209
31329097
31335275
31336230
31372233
31389367
31401990
31402004
31403518
31415336
31419583
31552817
31640028
32233207
31510949
31511286
31514378
31513653
31107956
31395511
31524362
31481610
31536549
31546941
31537203
31537206
31537207
31646255
31557782
31554017
32074096
29560794
30878312
31243838
31255523
31259852
31272132
31356530
31383744
31392943
31392952
31399261
31416691
31473105
31513857
31517808
31533531
31575885
31575935
31577714
31580630
31618167
31640843
31656005
31665272
31690365
32436880
32436888
31586185
31637241
31596851
31614620
31058473
30778532
31504315
31681215
31686938
31622442
31628155
31681634
31636331
31545893
31640755
31643153
31651236
31673281
31658258
32002069
32084021
29720007
30858330
30981999
30982000
31018992
31405957
31453926
31533513
31607467
31623703
31625852
31628264
31697227
31710445
31743938
32206238
31685017
31685849
31697687
31697787
31787950
32395566
31718545
31726703
31781517
30689759
31727155
31730499
31738795
31738869
31741118
31803632
31752720
31766703
31885754
31775360
31585730
32039039
28111145
29097007
30733424
30976995
31051265
31213098
31230920
31360448
31451347
31501283
31501285
31595872
31596737
31613208
31642639
31646213
31679805
31688720
31757192
31773996
31805637
31870131
31951687
31971555
32011704
32227740
32231855
32251562
31790512
31851887
32025513
31798000
31611288
31821348
31823768
31722179
31830061
31830129
31842384
31890236
31748407
31841516
31858023
31888186
31848277
31848290
33654954
31877733
31694973
31776583
31869324
31934366
32025406
32003164
30474539
31190451
31284867
31451535
31585874
31637787
31688719
31753423
31805519
31870238
31895782
32050884
32319834
32327618
32366067
32413253
32537381
33001434
33062980
33133666
33293489
31504647
31936047
31936490
31931876
32055503
31727505
31948401
31963395
31963568
31998566
31971951
31993218
31988007
31767467
31995238
31397549
32065159
31217322
31288994
31596951
31675147
31678035
31865863
31881110
31895526
31901667
31902016
31935208
31945307
32017957
32019451
32046818
31573603
33654733
32033533
32127796
31760040
32050567
31599954
32226670
31852766
32098988
32102805
32110902
30624683
31167824
31235527
31383780
31851086
31876865
31880741
31930578
31969380
31996095
32009570
32016474
32017172
32032316
32089090
32126947
32190707
32281589
32383564
32398991
33402906
32138376
32130213
32155798
32161654
31755895
31978455
32184310
32178748
32184237
32187221
31964744
31964747
32274387
32210474
32213195
32273674
31988079
32214342
32229523
32244550
32296647
30415606
31182361
31519382
31738915
31757739
31791041
31882383
31993971
32004254
32004255
32004256
32008410
32017971
32018150
32025745
32043457
32044688
32082993
32105639
32168225
32183939
32192370
32228828
32290900
32291912
32342905
32151463
32041796
32290237
31198933
31504314
31504333
32134139
32298243
31705704
32103255
32316668
32094256
32152196
32132192
32227948
32320571
32275137
32345231
32345293
32379710
31677225
31932359
32017908
32026472
32031768
32084433
32131701
32149953
32149960
32195309
32228159
32303643
32304528
32317440
32390381
32442426
32476479
32664712
32431682
31271192
32397254
32411400
32421719
32427995
32433976
32179584
32009052
31535123
32460721
32469898
32486337
32518756
30318949
31320394
31515293
32149958
32171768
32202687
32212259
32247863
32299615
32315215
32356960
32386995
32403988
32413018
32421299
32473145
32532724
32583248
32589825
32497069
32647750
32516318
32597859
32670702
32842324
32145988
32539504
32546213
32554379
32560559
32341118
32478518
32446560
32606124
31380730
32036466
32173573
32209954
32394877
32463429
32463432
32517577
32592523
32656570
33154242
32630694
32634134
32724807
32424009
32766197
32667914
32315672
32423914
32703819
32726928
32722712
32724139
32751142
32751883
29509650
31586947
31836678
31988220
32061528
32070662
32181529
32220009
32311665
32355106
32379403
32530259
32636237
32653859
32675380
32731917
32762828
32763956
32994904
32759237
32760101
32770958
31556949
32795362
32923409
32817110
32826099
33117493
32601108
32522828
32611792
32848009
32983740
31444277
31719170
32218425
32404400
32447324
32562845
32590078
32643040
32645377
32762852
32815903
32841434
32870912
32873765
32897012
33030832
32877398
32886722
32891137
32899480
32900805
32911499
33076608
32938957
32591826
32690634
32747602
32946535
32967910
32968007
32970672
32374296
32901793
33117332
31140943
32442683
32561420
32617786
32649578
32649579
32684296
32701401
32712115
32753000
32753001
32753002
32842906
32903136
32908008
32930821
32936604
32997014
33000886
33000907
33000912
33026447
33083025
34087923
32118511
33017417
33082702
32496735
33115201
33102576
33051378
32243586
32817230
33194804
33598210
33091023
32843479
33114427
33106516
33193323
33055216
33109267
33109274
33109694
33126635
33178264
33274127
33124529
31974213
32001659
32066588
32201011
32569256
32569258
32591108
32701764
32722871
32747796
32810868
32828583
32853846
32871127
32956172
32960744
32998641
33045163
33185339
33189238
33251294
33345925
33104232
33111150
33148312
34705395
32900818
33198730
33198750
33203456
33332026
33376658
31843597
32188772
32303577
32402474
32610147
32740451
32773611
32854606
32996866
33058314
33059307
33065117
33087404
33180014
33271962
33355675
33834999
33264307
33268771
31734695
31872856
33287170
33287799
33322392
32947446
33106295
33139380
33320864
33391210
33332296
33353937
33376171
33378545
33382076
33382077
31889502
32009316
32067623
32794312
32881091
32932385
32959238
33044320
33076082
33121362
33136149
33143985
33167804
33183923
33188803
33200728
33232216
33264795
33417851
33543164
33813469
33897287
34156000
34190930
34438398
34633969
34696547
34900393
34930054
35342849
35543433
35543444
33320275
33397284
33406131
33407263
33430411
32143940
32897321
33420252
33445644
33786526
33461496
33147327
33229367
33468693
33503149
33148708
33177120
33478403
33483442
33507914
33604091
31965155
32345631
32393529
32780441
32833894
32910032
32976355
32976356
33036769
33078228
33206237
33417838
33433170
33448727
33448728
33521848
33534742
33636060
35544242
33512479
33541962
33570027
33624738
33554267
33590344
33491098
33590353
33594486
33671616
33692981
32737209
32910033
32989170
33003186
33029766
33075404
33132224
33277967
33545325
33622474
33640187
33964838
34151159
33658279
33717675
33747047
33468625
33712266
35128439
32639528
33712643
33791384
32729617
33431433
33729405
33729413
33796486
33731049
33760867
31958120
33782064
33854490
33785629
33538819
33693620
33790370
33937002
35586641
32611546
32918951
32924208
32989630
33006520
33034227
33427085
33492094
33570465
33589805
33682583
33794773
33856180
33427560
32052829
33912473
33537731
33997299
33853816
33581128
33857160
33936099
34093967
33558321
33861754
33875006
33875654
33879251
33611556
33878134
33886668
33891652
33853224
33910514
33946391
31272257
32498967
33044377
33044378
33122597
33127418
33137012
33242473
33242474
33301693
33496203
33533690
33534405
33573837
33612012
33714639
33902811
33929174
33960288
33973355
33939630
33939747
33945580
33947462
33952203
33956840
34035667
34067003
34067165
33970945
33972604
33930127
33974662
33975934
33985443
33349846
34001198
34001998
34008722
34008730
34041379
31840181
34024673
33771390
33132299
34039298
34072200
34070767
32321682
32771642
32782336
32859684
32956240
33096202
33208512
33229965
33276125
33444557
33452129
33460481
33492527
33618038
33685970
33752518
33753471
33813811
33838588
33905914
33961493
34184981
34195620
34235228
34327356
34479288
34795711
34204170
34169005
34177961
34178906
34234859
33763901
33875478
33875479
33875435
33910964
34145318
34154600
34157055
34161706
34166379
34174905
34183027
34101486
34421489
32563585
33093289
33214195
33264263
33277768
33315748
33403516
33421260
33434747
33530892
33533315
33544205
33883524
33930228
33940135
34029611
34055347
34057249
34097283
34146691
34148563
34174226
34195578
34211075
34298369
34301675
34671693
34225661
34225822
34358171
34552793
34237074
34237111
34052658
34255738
34285479
33891941
33941579
34001559
34349750
34304925
34292926
34368013
34330850
34438979
32912933
33004610
33082236
33346591
33615914
33705748
33716075
33769901
33774164
33783413
33886170
33896044
33949249
33967233
33983084
34110729
34110757
34110758
34110759
34288143
34366085
34587122
34652398
33367598
33444436
35014772
34414130
34451996
34370735
34380730
34484137
33462582
33512482
34396397
34396398
34396400
34396401
34396402
34396403
34396405
34396406
34396407
34396413
34396414
34396415
34398819
34393245
34417414
34440586
34323972
34426450
34497776
34572612
34577786
34342542
32883750
33106438
33106439
33122424
33122425
33188137
33208509
33346588
33389266
33412301
33560092
33894150
34009081
34107106
34110754
34117188
34164797
34224899
34225553
34364258
34397971
34425937
34471222
34484996
34496152
34557562
34604467
35950174
34576759
34479551
34495263
34488704
33606009
34492008
34571990
34568091
34378560
34521367
33674869
33744938
34278431
34526512
34575278
34125599
34543293
34570799
34650533
34631180
34591882
31960732
33341349
33723736
33783414
33846057
33859147
34052582
34078564
34089202
34096386
34110736
34110740
34186066
34186068
34229521
34325205
34332883
34362706
34378266
34533583
34545797
34684219
34702120
34849117
34882378
34981015
35070676
36105492
34650839
34681096
32750107
34620929
34720841
34662351
34076475
34612619
34684295
34000039
34050737
34695789
34706763
34710082
34714865
33328194
33397798
33833149
33859144
33865675
33993163
33993165
34009918
34045364
34087450
34174039
34233535
34311604
34321448
34390765
34418493
34480919
34520263
34724400
34730837
34742364
34796625
35392343
32766821
32776137
32877521
32877526
32975293
33044490
33300564
33625487
34730834
34909106
34748579
34755815
34819931
34529798
34265463
34303138
35087955
34869072
34797283
34797827
34173649
34817702
34819068
34877840
34911852
34843480
33361465
33423450
33431605
33608480
33993157
34030155
34117187
34176640
34192725
34392724
34475361
34523177
34535614
34571353
34580906
34654767
34695236
34716742
34738268
34741525
34775078
34929990
34967176
34975260
35506859
34881023
34925371
35004036
34947890
34879820
34956109
35146365
34959572
34959573
34948264
34914750
34922593
34903051
34904862
34933533
35056458
35008605
35056934
35096671
33583215
34075001
34145079
34169924
34304926
34310524
34310525
34310527
34487388
34565231
34565258
34580009
34607000
34618416
34652537
34758169
34798573
34844665
34859581
34924101
34936422
35004175
35027140
35422211
35762449
35819075
35938590
36300428
36411712
35046926
35047416
34983422
35051108
35087765
34918079
35062772
35027093
35047856
35095800
34935346
35037814
35186589
34731020
35061780
34053955
34724387
35085261
35154028
35094705
35173712
35174109
33436503
33441449
34321450
34407011
34475357
34482355
34538874
34642498
34676780
34727757
34838958
34840272
34887176
34889088
34968530
34971729
36274971
36659843
35120153
35144602
35222300
35007862
34817203
35252346
34978925
35208932
35192658
35336085
33316078
33782146
34218681
34521505
34887198
34971768
35144493
35146037
35300377
35321311
36303661
35168728
35263349
35271658
35099268
35100010
35386911
35528764
34169683
34635321
34919828
34919829
34930626
34978363
35045381
35105978
35144833
35265741
34731021
35571500
35572713
33846278
33958492
34610459
34662561
35001017
35013084
35064690
35212932
35536784
35600700
34958185
35617304
35719337
32644461
35712312
34210839
34610441
35034049
35171128
35202789
35459636
35693060
35950128
29763134
35757611
35770176
35795837
35754526
35795184
35747471
34904517
35032274
35979244
35873141
35903198
35903464
35839235
35849577
35867689
35937700
34110735
34272331
34510008
35067599
35212944
35982780
31335003
32809709
36033806
36091700
36065279
34694274
34815362
34887352
35039435
35728006
30725971
33760503
31335045
36238249
36174054
36248887
34483276
36381602
36267446
30855801
30726047
36299763
36304236
36324475
36325020
36329823
36317048
36388349
36388309
36388312
34302959
34333041
34887350
35086915
36439830
36466885
36466460
36466478
36504970
36505424
36505459
36445916
30725967
35039437
35217590
35217591
36568332
36568751
36589475
36605505
36685953
36711362
33830872
36865595
33593835
