32148955
32153547
32153580
32455096
32087751
32102178
32095939
32158766
32184908
32120875
32257666
32121206
32184764
32146449
30822197
31112806
31207380
31252155
31265930
31390337
31397624
31529152
31529155
31557565
31665311
31667533
31725155
31755586
31808159
31831870
31832843
31836835
31837449
31840170
31855468
31870894
31923574
31930600
31977047
31978723
32009604
32062389
32108318
32118530
32150105
32162874
32169149
32286101
32366563
32792795
32130097
32184634
32131752
32131899
32155886
32160781
32160785
32161313
32162052
32178340
32178356
32168364
32195070
32183443
32176783
32178586
32212574
32256472
32188710
32256462
32191638
32192484
32266243
32192413
32551313
31988095
31988101
32226849
32377138
31996448
32218320
32217668
32217671
32373429
32257418
32296411
31397940
31537511
31551188
31605701
31661538
31672426
31688982
31755816
31887243
31895333
31923557
31978579
31988011
31992156
32007593
32019695
32022742
32033950
32034865
32068266
32068642
32068644
32070221
32079040
32081464
32101782
32146980
32156509
32206504
32238571
32244733
32259326
32273961
32311946
32319403
32339001
32494344
32529892
32876239
32240218
32252300
32318127
32212712
32182052
32268563
32328045
33479654
32129600
32191249
32264851
32264930
32265313
32269158
32196336
32351636
32338649
32295149
32425900
32299353
32300032
32316342
32195571
32302355
32373082
32326058
32425538
32071042
32122888
32122901
32212719
32316926
32368105
32372856
32331271
32391015
32132195
32340386
32340400
32547905
32157873
32365048
32334533
32357487
32346029
32360201
32411113
32353053
32379720
32425903
30760051
31540833
31586659
31589562
31630835
31657659
31742478
31836318
31898800
31924521
31933017
31943170
32043437
32049277
32049284
32059871
32081522
32106898
32122708
32145548
32166904
32221821
32229263
32303957
32495702
32511038
32571186
32608293
31930340
31828310
32286066
32198174
32494581
32384624
32500092
31926653
32397230
32457749
32389124
32403300
32403355
32392991
32494146
32401802
32477313
32409526
32409539
32435403
32174552
32523333
32490228
32547113
34002987
32320368
32438609
32462088
32152086
32179523
32229489
32229498
32197859
32302148
32509526
32466236
32528441
32457248
32528902
32229531
32461273
32547124
32467276
32523805
32340665
32514398
32547498
32547965
32486497
32525836
31536154
31639547
31730823
31770603
31770604
31783194
31813259
31816255
31829792
31895639
31917358
31923725
32006748
32031020
32032658
32043409
32086747
32087024
32108898
32131902
32145321
32165339
32168424
32169492
32171936
32173284
32180159
32208190
32213253
32243952
32278810
32278885
32289462
32298808
32301139
32301169
32324528
32387116
32388085
32402850
32456823
32496178
32509968
32518927
32527171
32655973
32719232
33612816
34368692
32487753
32488120
32488142
35517746
32537492
32582051
32512869
32582069
32974602
32606814
32516308
32517658
32582088
32606822
32357292
32427476
32612659
32404435
32560407
32655514
32625185
32560670
32575645
33111078
32575913
32341119
32366576
32575972
32284380
32576241
32576676
32585891
32655550
31418813
32452501
32497502
32595203
32600270
32610480
32975101
32683358
31691173
31874816
31916896
32020245
32031915
32067429
32105865
32152526
32175636
32176462
32203127
32205491
32219961
32240294
32249162
32277821
32291246
32304258
32306049
32400132
32442657
32445596
32446039
32552452
32584214
32584215
32592387
32613355
32628870
32630252
32657617
32692197
32716215
32788011
32788012
33154241
33173595
32616058
32631451
32632240
32634110
32636429
32716393
32733395
32753914
32515951
32695174
32330004
32502340
32664118
32656745
32668667
32396588
32665037
32665275
32304941
32695920
32708619
32681099
32708842
32709076
32849318
32708418
32791790
32636271
32903329
35047691
32393494
32600914
32832672
32150407
32702006
32801793
32963684
32724094
32725318
32801799
32727858
32735431
32752093
32802871
32850887
31680055
32072187
32189050
32227402
32268193
32284309
32339305
32356026
32376222
32419284
32463353
32469363
32482366
32502665
32527462
32533271
32539881
32553894
32559647
32599229
32618523
32629487
32637498
32689631
32773005
32775156
32788495
32792845
32856583
32907310
33083331
32748817
32657125
32421167
32759827
32849325
32842309
32849459
32571965
32778154
32785151
32848426
32782016
32849322
32662979
32787942
32823707
32823798
32538610
32797045
32823820
32824104
32922376
32983919
32690261
32811557
32884309
32974360
32813749
32952938
31734694
31734703
32847132
32904679
33224410
32845920
32848010
32983728
32867384
32526335
32867740
32903239
31701463
31741312
31863899
31904523
32006693
32006750
32061797
32061878
32084603
32084608
32165286
32213259
32251844
32324853
32328851
32349617
32387392
32388760
32404300
32417725
32446072
32447432
32449918
32494882
32497618
32512236
32514072
32516021
32516359
32544227
32548313
32576591
32591806
32623484
32645473
32700454
32712382
32738079
32774866
32782503
32795636
32818413
32873235
32893279
32902213
32995131
33040124
33103466
33112456
33134193
34223017
34368717
32905076
33014966
32662926
32880370
33013738
32899463
33062123
32894364
32969370
32905776
33013757
33013774
32908144
32912943
32944140
32694223
32982326
33005689
32293093
32928115
33042864
32717617
32942596
33072062
32522747
32681604
32938408
32982334
32709718
32948818
32962088
32842019
32962193
32690650
32718956
32718961
32778544
32971809
32984715
32973899
32973907
32977435
32493010
32897322
32998187
32998192
32998347
32998384
32993810
32994286
32999368
33101239
30926279
31787065
31944897
32006694
32037677
32109174
32131715
32193830
32352619
32353580
32364821
32453195
32494881
32590206
32596722
32643019
32650282
32681170
32688298
32700154
32721600
32721603
32739970
32745526
32750418
32758648
32761427
32770825
32784122
32795924
32800221
32832994
33004459
33072809
33073958
33107283
33156723
33165442
33198875
33215520
33116660
32857965
33024038
33024041
33123117
32942850
33036456
32810395
32871077
32926768
33050170
33116949
33060737
33178144
33178158
33066740
33068184
33209556
32993282
33075115
35019334
32868330
32868332
32868334
32900685
33134372
31833386
33089781
33093055
33093606
35518403
33114026
33120846
33106494
33193153
33193275
31646447
32027229
32155381
32186972
32360458
32364030
32366193
32427074
32594594
32659632
32729399
32731183
32739583
32758905
32766775
32805359
32810570
32835792
32857195
32861765
32927013
32969787
32999723
33007498
33025548
33037916
33142465
33163199
33183407
33194209
33204754
33209951
33233218
33235696
33250645
33399798
33565458
33883831
35345169
35544213
33147726
33224132
33204275
33177849
32610216
33174904
33174956
33225299
33240822
33204119
33204124
33240245
33187332
33198306
33209042
33202723
33206862
33206875
33281784
32783900
33007545
32989034
33207684
34163871
32958717
32988830
33203354
33203690
33212840
33313077
33354471
33166120
33208501
33216011
33218095
33213526
33244244
33298869
32913118
33054165
33218302
33292525
33233331
33233348
34506425
33238548
33262613
33329595
33234606
33235195
33235243
33255319
33262621
33262622
33299918
33324379
33330136
33238903
33252354
32927003
33253325
33329450
33335804
33888961
31607573
31770073
31794682
31878839
32043433
32255384
32302500
32412826
32419626
32479709
32522005
32522390
32558257
32593482
32601342
32618111
32640321
32737867
32747008
32757849
32767781
32777661
32798979
32800813
32822906
32858760
32869081
32875545
32888993
32890841
32892635
32897166
32911540
32912064
32916332
32927027
32929451
32929857
32930639
32961318
32966912
33009141
33010367
33031939
33044242
33045338
33045346
33045439
33065329
33068441
33104527
33115656
33130415
33148497
33190200
33300460
33437760
33447817
33541494
33553027
33612742
35493279
33264338
33287443
33343523
33343559
33413990
32963107
33270611
34223053
33293405
33302338
33297983
33308279
33381566
33364791
33381092
33077621
33319862
33489515
33106260
33106262
33139291
33177185
33326490
33364795
33488255
32727829
32938734
33364796
33364798
33352932
33352963
33352688
33424231
33216524
33361319
33375126
33379842
33414809
33367579
33306385
33375709
33375352
33571159
33489945
33402840
33378280
33378281
33378290
33396404
33415917
31403371
31823709
32307128
32456599
32484105
32516105
32522076
32543337
32729432
32798368
32848507
32881666
32918098
33035873
33045498
33057672
33076147
33100201
33106663
33108946
33131985
33159946
33188577
33200701
33212263
33230844
33258755
33276276
33305800
33341479
33346078
33397244
33412630
33424412
33433854
33474901
33568043
33575996
33632111
33639166
33755185
33813481
33823517
33883751
34002610
34017749
34424168
34475315
34483787
34491670
34661894
34825643
35104274
33372157
33402533
33443214
33466515
33466546
33407536
33407856
33407899
33408183
33442274
33429999
33430070
33430076
33422000
32810621
33436430
33436517
33436783
33436835
33510721
33519735
33519770
33444334
33520909
33388594
33461493
33461617
33057603
33128052
33150386
33152762
33219679
33519215
33168603
33405504
33411531
33498243
33553063
33479293
33552078
33426512
33503188
33553426
33495505
33499487
33433226
33438392
33500331
33530483
33553404
33504662
33504667
33513701
33513865
