30806854
30808391
30863751
30688460
30811227
30873145
29529934
30043322
30144636
30252091
30281385
30380446
30385238
30392097
30403362
30407949
30412782
30420211
30423343
30445210
30447165
30452642
30471160
30480552
30550846
30552629
30562602
30567745
30567747
30576264
30578718
30578733
30578836
30582984
30606692
30606761
30617096
30622295
30642939
30651391
30663954
30665275
30675848
30682524
30692621
30742072
30773156
30806611
30810935
30816807
30834420
30841440
30882373
30921191
30927759
31266086
31363333
32411261
30832412
30573651
30886705
30599088
30880981
30850010
30639217
30862744
30866951
30867460
30936726
30579900
30895213
30884839
30936862
30855292
30901901
30967856
30909535
30789186
30802402
30960546
30914511
30923237
30925662
30976388
30984151
31190695
29099398
29906589
30097388
30132251
30216449
30439507
30447379
30448082
30472291
30476570
30503627
30528772
30561658
30562518
30583061
30593847
30611868
30624656
30629184
30670419
30670429
30678930
30706947
30718286
30731188
30745327
30745382
30745385
30758060
30763098
30776934
30777662
30782994
30826440
30859518
30917986
30917988
30969081
30980761
30985683
30988669
31057721
31057731
31100356
31160851
31169518
31460656
31745014
30940074
30947504
30948474
30146354
31024857
30959901
30882113
30965610
30974767
30974813
30974906
30848594
31139449
31013818
31112521
34286240
30553153
30986262
31384707
30850161
31020041
31041313
31057504
31000772
30785725
30830740
31004100
30782860
31068915
31190901
31023357
31024025
31105656
31118705
30673292
30797936
31114565
31114566
30277310
30385059
30394846
30407115
30508392
30522892
30614158
30659919
30664967
30685310
30708006
30759206
30782985
30783003
30783664
30785859
30796747
30831391
30858207
30872146
30880230
30895405
30898435
30928423
30972660
30976430
30981890
31006387
31012772
31083168
31110624
31110798
31148474
31172805
31198153
31631612
31708017
31130925
31130931
30916573
31004054
31190904
31064407
31134028
31072890
31073776
31210834
29579216
31074254
31190906
31091746
30901686
31096587
30905682
30882466
31107885
30224574
31113374
31118300
31118466
31121924
31143444
31183342
30968093
31136634
31138309
31138855
31141575
31146470
28951015
30118242
30318737
30379419
30445207
30445209
30447380
30448518
30476654
30527283
30553929
30557685
30576787
30589601
30611932
30614762
30632884
30676260
30685333
30824303
30831234
30843063
30844059
30845900
30882415
30885618
30900072
30902859
30904585
30928684
30930220
30936095
30936161
30950159
30952342
30954493
30959249
30962084
30962087
30962334
30980878
30980957
30989324
30989561
31046483
31050632
31075648
31107204
31159398
31174691
31205037
31209818
31214631
31231495
31251702
31261589
31656491
31167476
31214331
31239730
31174587
31289445
31181062
31182026
31182038
31186328
31245348
31194814
30848883
31194723
31354312
31203576
30178453
30395179
31216783
31275290
31275278
31205100
31220143
31281296
31281799
31235751
31293559
31316955
31558943
31248462
31250223
31252629
31271619
31285840
31297191
34368675
31138760
31253101
31460130
31528151
30043709
30551810
30561174
30708122
30773801
30808530
30827805
30900056
30902743
30922803
30962570
31002963
31006127
31010862
31015178
31053906
31081415
31101943
31134524
31169490
31188094
31193498
31193724
31204003
31239404
31239405
31263148
31266097
31281860
31289833
31303827
31307186
31308567
31364967
31414627
31497110
31559785
31265467
31266519
31266873
31269557
31333468
31284448
31312424
31372006
31184900
31372010
31291335
31354660
35521350
31296684
31384145
31002491
31055910
31337077
31306445
31307423
31187982
31311879
31315572
31379769
31379771
31410032
31318907
31323845
31340367
31379580
31440482
31318789
31367345
31396168
30814458
31355341
31265296
31287648
32065820
29332139
30082104
30328074
30407501
30914347
31013462
31028351
31028352
31033908
31085518
31093881
31100418
31123962
31124046
31132402
31138576
31145911
31147667
31210549
31215857
31222488
31257821
31268280
31353294
31371532
31414749
31446929
31467552
31469010
31382389
31538041
31455930
31496754
31290614
31290655
31305072
31395632
31399590
31417673
30941412
31339695
31415622
30462182
31419942
31475131
31426494
31380526
31381301
31474038
31692506
31497002
31450837
34368681
31450576
31355630
31455256
31455270
31695444
31470632
31555607
31543871
29577746
30680519
30763760
30790686
30824328
30860312
30885814
30929272
30942663
30964377
30983552
30986481
31003750
31003954
31009322
31027790
31029791
31049586
31102483
31112729
31133751
31147036
31167025
31170282
31176030
31176070
31178071
31195022
31199431
31202925
31209004
31227554
31233866
31262758
31262762
31262980
31287401
31295580
31298061
31304521
31307978
31326448
31335270
31349142
31399697
31406982
31455476
31471347
31509713
31567940
31666786
31799952
32127810
31513496
31646143
31646145
31416917
31479500
31508552
31508785
31508786
31320476
31500178
31555825
31206345
31571939
31369262
31513633
31547482
31572316
31264851
31516122
31540314
31571943
31686869
31558864
31233795
31324623
31398314
31226568
31424189
31533627
31533853
31620099
31620107
31479234
31616391
31663061
31673531
31616393
30561543
31387342
31568511
32074088
32313533
31031096
31046636
31064234
31120349
31120362
31153711
31155463
31158046
31289826
31298277
31299296
31302702
31318107
31319012
31332072
31332075
31335380
31342294
31352284
31358579
31358584
31379306
31383666
31396680
31407038
31421354
31427820
31436107
31456903
31462378
31510729
31538925
31548673
31548674
31556867
31568139
31572535
31584891
31599224
31638422
31867250
31961820
32148666
32436869
32436871
32802106
31577808
31578425
31632100
31636564
31637218
31660377
31590350
31590644
31594927
31290528
31598659
31598660
31600950
31649648
31649922
31601668
31728266
31602826
31602829
31207502
31465789
31636898
31681234
31197367
31619192
31619499
31443964
31443965
31247880
31649817
31708900
31728268
31650959
31667355
31655899
31667167
31660862
31661912
31661500
31754307
31666629
31736890
31736897
31672736
31802919
32084020
28820037
30839321
31014145
31216221
31216222
31230951
31230953
31253551
31311694
31338900
31351820
31361565
31362071
31364923
31369095
31372908
31382072
31400237
31400469
31404567
31405959
31427295
31433679
31444205
31445712
31451388
31453795
31479986
31535963
31539669
31622119
31626589
31647400
31655456
31670298
31706742
31736933
31737611
31743641
31865726
31930074
31969294
32335654
31690263
31693655
31728201
31781513
31719975
31717311
32245309
31726694
30869755
31724042
31724043
31724045
31724049
32009806
31727142
31451545
31492666
31814741
31734740
31592585
35021489
31752382
31747887
31748527
31832185
31752683
31754169
31819544
31819545
31767923
31775296
31778426
31799314
31771504
31776218
31783593
31865955
31798839
31784652
31812976
31849910
32087065
32087073
29731384
30891656
31063845
31100499
31112804
31214759
31302937
31375943
31377765
31382074
31399285
31425793
31449967
31451421
31451773
31478103
31504593
31512768
31512972
31532038
31548324
31550659
31560960
31567571
31580871
31600538
31612764
31813733
31874074
32095043
32128511
32148682
32186146
31851883
31827780
31866977
31872128
31682834
31938612
31813258
34123255
31577310
31825979
31827113
31889887
31921031
31831867
31853190
31858018
31618574
31833383
31833384
31847173
31847247
31886427
35021539
31692278
31861067
31921015
31988818
31548010
31856722
31611352
31611363
31658966
31859941
31929848
31864291
31870288
31920347
31856572
31843919
31911917
31922015
31881059
31882782
31893039
31905975
32083139
29614915
30674268
31060865
31099322
31102552
31393211
31395288
31432635
31432636
31525415
31566141
31578567
31580426
31586155
31586411
31589900
31610143
31617905
31634531
31647404
31655862
31659298
31669740
31680352
31689474
31740764
31760066
31768938
31786230
31855824
31869560
31871885
31898255
31913459
31914681
31921562
31929185
31979875
31988759
32050877
32050886
32077820
32115524
32122844
32161020
32162853
32234005
32250224
32285851
32343078
32351649
32380504
32407261
32421073
32480337
32509245
32531148
32560617
32582800
32719205
32719209
32834786
32837337
32838183
33021244
33268670
33424108
31935954
31970188
31665505
31914918
31915222
31936387
35494698
32021324
31646866
31658418
31925610
31940771
32021989
31937641
31941459
31941492
31941816
31952222
32010080
32062363
31948971
31756025
32010115
31954394
31963769
31963877
31968529
32023714
32023715
31964740
31984278
32038555
35029117
31843268
31920082
31767718
31597745
32095080
31917558
31996170
31999335
32000693
30602287
31542456
31576672
31586417
31627248
31633785
31665357
31678136
31687925
31706000
31715229
31722777
31733377
31741124
31765766
31765820
31786767
31815750
31823011
31859083
31874682
31895527
31903298
32028870
32093600
32175405
32274997
32730394
32730406
31565732
32117111
31944675
32117797
32031408
32033408
32029764
32117089
31913385
32117294
32041540
32974572
32046644
32046775
32058026
32284928
32051032
32059512
32059590
32104014
32059746
32153560
35493894
32074119
32092980
32165795
31792075
32084340
32093299
31818819
31843995
31843999
31844003
31907180
32030988
32084241
