21733253
21784555
21802175
21824685
21835501
21953179
21983703
22016557
22117008
22119898
22146875
22151035
22155819
22167240
22189112
22198473
22198738
22203598
22205821
22209744
22232188
22266021
22285540
22306442
22309915
22332963
22335806
22341849
22356530
22374953
22426908
22433415
22440267
22535001
22578604
23082590
22075229
22303918
22449866
22449869
35578504
21211913
21672084
22038112
22153765
22194338
22196342
22202707
22211672
22232512
22232516
22245400
22259204
22279182
22290943
22290963
22290980
22290982
22290985
22301021
22325121
22326566
22360386
22382275
22386743
22392897
22418632
22431853
22483495
22526214
22546763
22546766
22558011
22639324
22701289
22707133
22781318
22781320
22781321
22973784
23134038
23210322
23227077
24527286
25610201
22781568
22505439
22536199
22532135
22536985
22079911
22079915
22282459
22290957
22294643
22301617
22311185
22314529
22316569
22360680
22366694
22366995
22371895
22421331
22445723
22459899
22546906
22563209
22659652
22729190
22729206
22774573
22554305
22564676
22621676
22093403
21719212
22005948
22168176
22226613
22345387
22351684
22366189
22378678
22389456
22398651
22404202
22422849
22423120
22445494
22447288
22461673
22467784
22491686
22521767
22560592
22561715
22561726
22644565
22684080
22702531
22707102
22707887
22749053
22749056
22749057
22752907
22787489
22837988
22847269
23096474
23173294
26781855
22934361
22694969
24191620
22713312
22577658
22616579
23233824
21984381
22068274
22170780
22271096
22414916
22419799
22441575
22447879
22461312
22466324
22495546
22506502
22526316
22535475
22541787
22553235
22553247
22560766
22564848
22580030
22595610
22722243
22748460
22750866
22809616
22811349
22821309
22842601
22885206
22913170
22936134
22943829
22951653
23138994
23188950
23293410
22702961
22578172
22594381
22818424
22661720
22838726
22849650
22327516
22335615
22349038
22352411
22418610
22499776
22552486
22609912
22610043
22636785
22640181
22668861
22687507
22727770
22727825
22743013
22743015
22809902
22809917
22841809
22854380
22876063
22913359
22926368
22926369
23030331
23130469
23158740
22689572
22929085
22911967
21999321
22030178
22128805
22243991
22604448
22628456
22633451
22640368
22684803
22700828
22718943
22733072
22738206
22751540
22760035
22760730
22771379
22777044
22784855
22869261
22869481
22929495
22950067
22975167
22976973
22987263
22987264
22992558
23241660
23427525
24159503
24960796
22963041
22963601
22996302
21963271
22182219
22285709
22305413
22376026
22422273
22574702
22575430
22713338
22723256
22736746
22744317
22825117
22825448
22831842
22850524
22858372
22902160
22910807
22943280
22961027
22961028
23013255
23021416
23027753
23037330
23039236
23073868
23182043
23182054
23183471
23183473
23289990
23302668
23330515
23330516
24031953
23033474
22868206
23069129
22853441
23088592
23290215
22085042
22325727
22325732
22752194
22810779
22830412
22862829
22871371
22878252
22890192
22895032
22898148
22899801
22908157
22908160
22908165
22909279
22933593
22933604
22959816
22964249
22972816
22998784
23011973
23035697
23041817
23045494
23045506
23059762
23074228
23087105
23114438
23130340
23131289
23134248
23143247
23176697
23189236
23202626
23208968
23325941
23088348
23148568
23277500
23233851
22247213
22273504
22418602
22430257
22440526
22579564
22608169
22644081
22688192
22775562
22882378
22888272
22918995
22925814
22928863
22948868
22952140
23006758
23036089
23050773
23057470
23061790
23102796
23102814
23102815
23103249
23132092
23151789
23182682
23192027
23199726
23209228
23209232
23228842
23299072
23363789
23412030
23198973
22966805
23186243
23237530
23116888
23107821
23249441
23267668
23273314
22821290
22888760
22894617
22915466
22939566
22978782
22982140
22982158
22991425
23027196
23030740
23070160
23070166
23070174
23077125
23084604
23089751
23100344
23116904
23127483
23127484
23127486
23147737
23148986
23159562
23182212
23199484
23225816
23241997
23241998
23245368
23251300
23269358
23275492
23289001
23295477
23295484
23336161
23342992
23346857
23358859
23365658
23365682
23365692
23375305
23390912
23396427
23400749
23444821
23450439
23483923
23508431
23514912
23527001
23527179
23538992
23563823
23574333
23662205
23673094
23698489
23777289
23785287
23835967
23839011
23879539
23883845
24047747
24106696
24180136
24235826
24270131
24270139
24288538
24353525
24356297
24369483
24372252
24381721
24489540
24525528
24821320
25215113
25428071
23153442
23240991
23332747
23333953
23356488
23435587
22581767
22717017
22935872
22974815
23010564
23014718
23061801
23104023
23127485
23136933
23136961
23175257
23180085
23182537
23217848
23229482
23230287
23265293
23295556
23295557
23295573
23295574
23328831
23390479
23409821
23425282
23433447
23440625
23456719
23483760
23526277
23593593
23258305
23220188
23725957
22568581
22770930
22878125
23021300
23084970
23143900
23169892
23207178
23219422
23250952
23254127
23261400
23263008
23294697
23297385
23306728
23312607
23313400
23313831
23316046
23317680
23318796
23375845
23388368
23458763
23458769
23458771
23464372
23475088
23485438
23545821
23620994
23900318
24592800
23374008
23930252
27029293
23492993
23287728
23497675
24498790
23456955
23509931
23437866
23538871
22736455
22845773
22965842
23040606
23113680
23124906
23203948
23223585
23228934
23264451
23264456
23303803
23318804
23345295
23357291
23380726
23402702
23410789
23462164
23466925
23480061
23493390
23497753
23566148
23566149
23566150
23620859
23621739
23640443
23660097
23686252
23694788
23702669
23748637
23770789
23867670
23558533
23566113
23571451
23614028
23592640
23592642
23592647
23630600
23853689
22884127
23098775
23258313
23261683
23332009
23344578
23393110
23398654
23422916
23434534
23439638
23439640
23498553
23507415
23523518
23548367
23566531
23571365
23571367
23571370
23580585
23591227
23591228
23635940
23650563
23676943
23683574
23697750
23697914
23898523
23943711
24050082
23690906
23687423
24025503
23695834
23614627
23721359
23723398
22819789
22954403
23317168
23328903
23336529
23337460
23412346
23415583
23507283
23507414
23517882
23518655
23518656
23522637
23536402
23590898
23668462
23684390
23701329
23722836
23722845
23739573
23750729
23756079
23773750
23783138
23786927
23822050
23837064
23947186
23997900
24103203
24265967
23542354
23786621
23792697
23805330
23826102
23735048
22776466
22967204
23237825
23266385
23307825
23397241
23435692
23449827
23449829
23467176
23523521
23564252
23587960
23601454
23602463
23612195
23639796
23649094
23650160
23665011
23667234
23689704
23698525
23703302
23726148
23734992
23739073
23755910
23809683
23818730
23826559
23826565
23836413
23850322
23864808
23879607
23883708
23895855
23970309
23982101
24009963
24016648
24029199
24059113
24133328
24152520
24152853
24256585
23819554
23843955
23844024
23834712
23841753
23848834
23849336
23868126
23936064
23936031
23922982
22651799
23034071
23195712
23415768
23428710
23557925
23565771
23577624
23603065
23616495
23616496
23669390
23674763
23688522
23689726
23698528
23716052
23719027
23721721
23733468
23740725
23742833
23747031
23747578
23756322
23769664
23782965
23803307
23838233
23863241
23902145
23929226
23991309
24005465
24011372
24021042
24021047
24174785
24225292
23961431
23919995
23857503
23945197
23977136
23863602
23863607
23965155
24023660
23327648
23517779
23553594
23741021
23758273
23773171
23782391
23817381
23817614
23822886
23827142
23836165
23837925
23844892
23846799
23852865
23853031
23876336
23989159
23998017
24001466
24008854
24053270
24059419
24064132
24133105
24339639
24353729
24353731
24362871
24396633
24396634
24475323
24006892
24007899
24077474
24012371
23583504
23609511
23619757
23632604
23643153
23659601
23665758
23672981
23710070
23731818
23768166
23800599
23812239
23825356
23836181
23837926
23838284
23856783
23877686
23877694
23886617
23886790
23887891
23891219
23904207
23917322
23988720
24002425
24004065
24006841
24012414
24018297
24018937
24098415
24099379
24119705
24237428
24421838
24649786
24116234
23996387
24144168
23352261
23413888
23726475
23742831
23788477
23891810
23892192
23939892
23939894
23956398
23979736
23979743
23985913
23985923
24000227
24041466
24041863
24055437
24071034
24113616
24220381
24225215
24289764
24371857
24392418
24483020
24552942
24195496
24327942
24201195
24064219
24147906
23883973
23908480
24130069
24238357
23902256
24285656
23010539
23022462
23478078
23791858
23838947
23870296
23888268
23910527
23981963
23982021
23989805
23999334
24025603
24042119
24047226
24054697
24074497
24074727
24074766
24084245
24094525
24100492
24121023
24123815
24148302
24161711
24172540
24176550
24232373
24243597
24265334
24275395
24275406
24275407
24524024
25848498
27873614
27873617
27694769
24309721
24309722
24277845
24325278
24377089
24367477
24391945
24799848
23755152
23755171
23799478
23879430
23883872
23920428
23928024
23997018
23998496
24071635
24081682
24081684
24085817
24117391
24129586
24136898
24145532
24145535
24149622
24157058
24165174
24165180
24165187
24165191
24176602
24189257
24206450
24239406
24246741
24247131
24247139
24247145
24277022
