34649027
34666009
34673215
34677872
34696704
34710630
34714567
34721692
34736365
34775079
34775129
34775134
34793968
34798280
34800708
34806011
34874246
34900247
34909960
34910429
34919041
34975259
35003278
35016569
35027805
35131010
35153398
35222853
35222854
34855837
34926317
35311247
33577254
34925284
34963238
34747429
34876196
34901611
34947666
34950677
35136473
34665908
34886838
34956159
34752055
34766746
34788533
34812035
34817169
34493028
34947276
36168472
34905076
34905109
34907348
34036366
34757131
34793811
34915851
34919563
34946217
34473830
34934945
34930218
34948456
34987485
34844428
34872350
34872351
34730379
34730410
34756067
34762519
34787450
34817233
34817237
34851156
34851165
34936385
34937193
35009019
35126588
35126589
34939149
35002996
35003035
34609499
34634801
35009052
35056926
35062236
35056489
35052910
35056508
34964919
34969236
35002260
35096667
35546975
35052926
33984488
34314638
34348086
34418467
34481691
34488221
34495752
34562526
34603825
34619267
34653659
34757135
34762270
34763140
34766874
34801753
34837814
34864145
34873398
34895029
34931970
34941456
34953823
34961388
34964948
34972940
34987225
34999678
35059676
35062817
35075990
35084299
35086130
35228178
35274108
35320810
35440319
35466635
35820375
35944494
35975859
36037202
36092682
36206088
36578886
35054269
35058776
35010870
35052938
35057026
35069493
35069516
34991499
35052942
35069503
36284706
34585233
34996464
34997148
34997203
35071035
35054854
35052952
35056031
34669452
35291367
35025906
35026999
35056608
35095797
34928596
34936325
35095824
35096850
34802838
35033191
35039005
34633850
34662188
34662195
34694874
34780268
34780270
35126321
35127562
35145558
35215067
35215788
35063032
35203746
35074014
35141168
34644375
35097270
35115793
35203754
35155494
35084364
35215269
35200404
35203771
35203772
35157640
35173727
35203791
35603257
35815194
32814501
33341362
33610507
33755314
34176088
34184182
34289313
34365707
34391630
34496109
34520789
34613655
34670681
34713732
34773749
34808311
34836792
34877890
35023294
35030534
35101182
35104206
35118938
35139991
35166651
35172361
35239872
35249326
35250117
35280492
35655587
35664715
35891726
34741594
34747464
34893834
35137900
35140001
35425449
35115588
35134989
34537652
35203595
35164349
35129693
35164360
35197939
35215161
35138483
35178184
35203827
35203836
35065702
35150378
35152879
35308694
35107102
35156902
35340522
34807757
34871031
34871092
35215340
35172822
35173237
35216307
35243335
35250902
35171679
35371794
35203875
35203877
35203879
35189952
35216039
35345716
35012353
35038910
35073754
35103489
35112568
35326755
35019774
35044218
35138126
35138143
35138195
35171007
35196792
35281440
35281445
35310489
35326764
35336071
35210515
35281762
35336082
35265714
35282395
35891739
33650473
34431198
34628010
34735710
34749000
34870473
34915051
34924296
34929231
34936936
34958997
35024459
35035651
35041973
35050719
35064243
35075683
35091666
35101443
35237702
35252668
36186260
35264857
35308343
35308352
35245298
35308401
35291313
35321470
35372113
35263355
35372567
34952056
35007134
35041503
35156836
35191762
35321082
35372099
35372270
35370719
35099267
35369453
35355819
35402311
35402433
36605378
35368581
35401491
35378792
34142518
35909621
35368516
35386293
35392365
33858547
33985611
34593063
34614542
34910885
34923128
35076335
35083758
35125039
35158080
35175509
35216948
35392031
35418765
35464921
35449714
35479945
35465001
35494644
35444432
35493470
35492330
35465632
35442978
35547150
35502226
35517902
35522809
34818987
34878345
34949784
35165237
35217936
33620836
35528186
35592123
35191619
35600895
35642205
35571285
35602016
35615509
35645826
35646723
35663863
35122847
35669117
35634581
35651672
35720310
35669527
35712084
35685727
33685542
34196126
34503920
34933656
34967505
34982411
35043558
35083655
35138649
35141834
35146773
35151875
35181526
35183777
35982872
35982877
35721097
35693849
35733960
35706926
35755814
35755062
35726257
35783393
35782127
35795185
35812377
35783362
35837389
35789794
35799633
35837238
35767562
35844614
35846753
35846763
33719791
33855919
34233769
34793888
34883159
35060164
35846758
35847114
35833010
35872774
35873147
35899052
36531260
35899043
35830449
35855908
35910596
35935213
35862390
35935207
35958553
35959131
35924018
35967580
35937786
33896292
34542369
35098390
35147858
35213779
35958918
35925988
35926057
35992699
36483408
36045685
36046746
36017154
35999831
36060733
36061870
36128129
36071964
36081797
36042934
36043158
36006947
36105785
36106080
36157382
34387183
34592853
35098907
35108579
36119417
36119429
36082242
36507894
36160186
36160241
36119640
36187941
36186828
36187949
36159558
36188613
36189355
36204631
36304221
36212889
36187162
36245565
36225352
36193295
36204117
36238282
36262997
33902349
34162455
34521591
34957912
36415731
36267170
36274729
36228285
30855801
36262970
36299724
36398265
36262597
36320594
36339332
36338049
36339188
36386699
36386658
36386691
36337928
36337932
36353409
36353524
36318583
36345538
36386651
36405598
36420011
36439128
36439789
36439795
36465906
36466845
36417622
36483204
36504816
36519127
36474906
33393388
33972925
34180351
34265885
35148917
36478964
36482958
36482959
36482960
36530685
36483142
36846563
36504497
36560948
36514799
36569168
36536809
36512565
36540101
36588729
36590586
36575674
36619166
36619502
36579124
36579127
36605106
36687622
36687641
36683677
36683680
36699325
36704103
36713441
36710969
36817105
36798870
33856245
36908383
33593839
33685901
