24277029
24277037
24277043
24295971
24295978
24295983
24323469
24328379
24334798
24334804
24334810
24339296
24342634
24342639
24342640
24366740
24379199
24379205
24399402
24401283
24419623
24451107
24468777
24468778
24502216
24506715
24506717
24531172
24583855
24592303
24592351
24622455
24653812
24762305
24763874
24804236
24824274
24874227
24883421
24899874
24905472
24934340
24955354
24985578
24991629
24995135
25016080
25046524
25081653
25101265
25101326
25133013
25147648
25147652
25147654
25349748
25405880
25405887
25437187
25518569
25525515
25544957
25546937
25551936
25552158
25558562
25610915
25791941
25816642
25975102
24723998
24400107
24405720
24434793
24131198
24438389
24466092
24449752
24465749
24465819
24466210
24535909
24459253
24463791
24477210
24489668
23668595
23738632
23790588
23828559
23881518
24080502
24140064
24169795
24170478
24196133
24205783
24268024
24283761
24290825
24315313
24325335
24360520
24360609
24392752
24442090
24463583
24485368
24485378
24526171
24684983
25147676
25954487
24503987
24299215
24514427
24558355
24558237
24564226
24443569
23886986
24112802
24170166
24197438
24366254
24403303
24403305
24430252
24441156
24447250
24492197
24581017
24598745
24651089
24666493
24670464
24698680
24772574
24772579
25002899
25916028
27873632
24621315
24474692
24591617
24647408
25006521
24652977
24670666
25249841
23264007
23357606
23359527
23754577
24216535
24235096
24257315
24287943
24335352
24360832
24439066
24447252
24462178
24507958
24519439
24560830
24560919
24567035
24602936
24602946
24602951
24612352
24612983
24613422
24636429
24679558
24679567
24680473
24696435
24699750
24709045
24713899
24713923
24713925
24761382
24767358
24791800
24819268
24819269
24851165
24858639
24858645
24858647
24882982
24959443
24968040
24968041
24979739
24989663
25241558
24702832
24950079
24705412
24727403
24709747
24725655
24292143
24561048
24644055
24727512
24635310
24739529
24752133
24757213
24843986
23192934
23957892
23972824
24103863
24125498
24131374
24293662
24306098
24394630
24440358
24445333
24501388
24531033
24532037
24550340
24566181
24566189
24582452
24584245
24590480
24594453
24599977
24599978
24607428
24607429
24622099
24631369
24637144
24657045
24728861
24736340
24773784
24773796
24811802
24840286
24872941
24995173
24995182
24887101
24657496
24188749
24662709
24885279
24883183
24938472
24711268
24840307
24690675
24852171
24746270
25055419
24865555
24920901
24885029
23201321
24001479
24374815
24486871
24562613
24600014
24619228
24637241
24637684
24651164
24657273
24688093
24725123
24726664
24749699
24796217
24796218
24819127
24914982
24932831
24935312
25066394
25089285
25100015
25120981
25197301
25705272
25931901
27873597
24895306
24613079
24785392
24911244
24911658
24923703
24381206
24948759
24956279
24958136
24969489
24074290
24431277
24502411
24510207
24583361
24627312
24710025
24752257
24752275
24759709
24766095
24768721
24792716
24798276
24802906
24805186
24809861
24816603
24820079
24820083
24829242
24836435
24837410
24861001
24864033
24877727
24887838
24910020
24915208
24928786
24963645
24982834
24987094
25004148
25005102
25027423
25027424
25052103
25097354
25121363
25181313
25202446
25202450
25229285
25427356
25504130
25763168
25818954
24990477
24996449
25000585
25003204
25010385
25023905
25072028
24446527
24629777
25035329
24860094
25048577
24978312
25068263
25068267
23453128
23642729
23726465
24070502
24296064
24328852
24376225
24417778
24532009
24533783
24563251
24704362
24722840
24771509
24793044
24794971
24836820
24857168
24866368
24869663
24875315
24880823
24890594
24891106
24899031
24899038
24910464
24913166
24913762
24918115
24920776
24923210
24930955
24943071
25039371
25046542
25059443
25059444
25059445
25087138
25091170
25140768
25162239
25171011
25176215
25229014
25237455
25252440
25297360
25815540
26579398
25096877
25438017
25143710
25111143
25111170
25116658
25116673
25120020
25123361
25124936
25152627
25438019
25135473
25152859
25141005
25146140
27025753
25164683
24200946
24562615
24740302
24833751
24841135
24872346
24913563
24917611
24951812
24954705
24957824
24965800
24982065
24982074
24982081
25001601
25052184
25057763
25072866
25086432
25091064
25095805
25111924
25126810
25126811
25159357
25179329
25179333
25179700
25195891
25230865
25233183
25237773
25312124
25467259
25467269
27873722
27873728
27873731
28664089
25212612
25218338
25511594
25258539
25247305
25276329
25252850
25255439
25256141
25260865
25298740
25309531
25298733
23834782
24660655
24669827
24833435
24879663
24879669
24880029
24901292
24907141
24917581
24980058
25038137
25062943
25124187
25176631
25181039
25188366
25222897
25245212
25278393
25278409
25286932
25286941
25297039
25364517
25380873
25387287
25400404
25450581
25492651
25492652
25576416
25632323
25632326
25793063
25198519
25477925
25313016
25314341
25442275
25323713
25323714
25326196
25336457
25389518
26839783
25360550
24809232
24970742
25043394
25069719
25091942
25098547
25103490
25106863
25114113
25114126
25125678
25136007
25142965
25155607
25156738
25176584
25181399
25182633
25199777
25239276
25240726
25241629
25291385
25333449
25364933
25368818
25372683
25411006
25413078
25442358
25443890
25447194
25509707
25566396
25598264
25699381
25872253
25872254
25367273
25367274
25395855
25395633
25395646
25352627
25346278
25414729
25413132
25417711
25420613
25422040
25428965
25505462
25134490
25433488
24484531
24584997
24899143
24901296
24930471
24939621
24957752
24991998
25029126
25037867
25056128
25085655
25103493
25134721
25224010
25232168
25240522
25246403
25246647
25261064
25267671
25288087
25294301
25298216
25304000
25307691
25320435
25345432
25371511
25371512
25371513
25371514
25390192
25445647
25449241
25450883
25456379
25456639
25463659
25475412
25496277
25498089
25540720
25551842
25619215
25648217
25653949
25671097
25764631
27536586
25469700
25469701
25741433
25485716
25380506
25622837
25495514
25514231
25530870
25664122
25516853
25622961
25517732
25522278
25310082
25534766
25541711
24433255
24699469
24985124
25093856
25167374
25174508
25239465
25252118
25287154
25310945
25313211
25313216
25319409
25319782
25348099
25348522
25367905
25381148
25435146
25461655
25465524
25466824
25469865
25548333
25553282
25557480
25560008
25564129
25622119
25636924
25672347
25672403
25672407
25677974
25706728
25737985
25742149
25744464
25751291
25751377
25759776
25779710
25801559
25801561
25801566
25810655
25812457
25815282
25824226
25824230
25830871
25845866
25869920
25880410
25881818
25951751
25961308
25993745
26050703
26101775
26132337
26158773
26182780
26216264
26228640
26241405
26299073
26307173
26339625
26364987
26365683
26439605
26519848
26529534
26582430
26584299
26639689
26775400
26819759
26881082
26900333
27139353
25566999
27620144
25581302
25789134
26770762
25496770
25729950
25730460
26273534
25648393
25688336
24064289
24621167
24819471
24863499
25037735
25052812
25182483
25192733
25246361
25275951
25304645
25343711
25352586
25418734
25428154
25440154
25444674
25454216
25456893
25481460
25487793
25496064
25512405
25528484
25586939
25643273
25658402
25690140
25721589
25860039
25876635
25876639
25641219
25643932
25648327
25670776
25679516
25887416
25932248
25406838
25825641
25706932
25887224
25889008
24642528
24888899
25145873
25359480
25406297
25407371
25416582
25441443
25444675
25480492
25534730
25534744
25534745
25547540
25548445
25552359
25561030
25561334
25563912
25568439
25580999
25583713
25601995
25622942
25665889
25693672
25723093
25735023
25844260
25873846
25916061
25963492
26027354
26148357
26513931
27873651
27873653
27873655
28959283
25665782
25728466
27408726
25917033
25888221
25755005
25976045
25858356
25767221
25814985
25867328
25684423
26064366
25861288
25710192
25798818
25798828
25799455
25805730
25804674
26284030
25814610
25848296
25822626
25386800
25411824
25413926
25433005
25473028
25487131
25501805
25512401
25525198
25563575
25572796
25595706
25605353
25605357
25605767
25616788
25630639
25631811
25638291
25644285
25645834
25645842
25653413
25657302
25661804
25682145
25697677
25704257
25721060
25724091
25724113
25737024
25766464
25773772
25838134
25885132
25894190
25938016
25938750
26164974
26167825
26204664
26411144
26994036
25884449
25858845
25890362
25886493
25966100
25874924
25926825
25378635
25677531
25881522
25932021
25897961
25954261
25902854
25905464
25776191
25351948
25466594
25530468
25532506
25587995
25604276
25632010
25632011
25712362
25726082
25726848
25737436
25801348
25807254
25813817
25850806
25952049
26004714
26008660
26248247
25958201
26055691
25977429
25746991
26221381
25976451
25816997
25989167
25991684
26042113
26074898
25917131
26261812
26025090
24625286
24675065
25468476
25514581
25555043
25569024
25586022
25587875
25588125
25595948
25599131
25746598
25746600
25748553
25772644
25788550
25793437
25795317
25796360
25816979
25818022
25831090
25833097
25840681
25857949
25865094
25867622
25873581
25894976
25917963
25970113
25978159
26057810
26075047
26093750
26194827
26219163
26221488
26266122
26564568
27873673
26045538
26793461
26047954
