25925008
26060922
33445245
26124986
26704158
25845845
25978963
26155459
26079269
26083415
26096434
26150810
26322204
26024064
26125919
24725670
25407386
25773462
25795772
25825865
25858028
25862195
25882353
25891396
25896685
25896698
25926496
25934155
25934553
25941024
25941215
25948809
25963338
25963984
25991693
25997783
25997876
26004171
26028525
26069113
26081997
26131722
26138426
26147150
26150748
26184918
26288841
26293075
26366261
26393127
26499423
26499430
26731822
26139713
26191044
26142679
26710614
26156001
26213382
26161744
25824815
25824816
26177023
26379907
25846137
26195261
26203082
26205868
26257720
26421140
26396712
26170289
26218925
26227605
26230130
26264006
26230848
24766153
25602500
25603980
25714496
25714653
25850342
25881617
25904728
25911992
25926563
25960156
25960385
25980353
25980356
25987639
26013481
26014928
26014931
26018607
26026660
26026825
26033693
26033723
26033730
26044991
26055374
26093214
26098395
26132428
26139286
26141128
26224347
26249354
26255016
26276655
26464764
26466216
26638426
26717650
29624289
26238555
26261778
26181636
26260768
26392806
26550157
26550338
26290183
26294630
26294640
26042471
26308027
26308028
26345195
26207591
26309249
26114809
25622790
25822455
25873322
26023211
26047364
26057184
26065630
26070662
26082260
26085619
26100696
26124155
26124171
26129972
26141689
26143348
26149664
26169414
26215780
26220079
26236494
26253451
26286950
26296677
26297501
26388854
26405674
26442150
26516962
26543614
26591373
26622417
26628756
27134538
28239263
29077379
26057991
26336060
26338039
26340666
26235845
26495112
26358593
26358595
26360766
26361784
26366740
26629028
26379240
26390211
26441924
26401654
26487921
26423424
26424078
24662017
24685280
24827985
24981117
25068186
25103719
25143059
25283547
25442873
25697643
25828937
26072936
26114551
26117306
26117743
26152913
26169398
26169405
26169415
26178070
26198329
26205665
26207869
26227440
26238713
26238719
26239064
26259796
26259799
26263298
26277277
26297024
26376274
26425040
26430944
26443247
26454387
26470986
26497481
26518949
26691470
26719779
26815345
26844441
26428729
26452549
26457183
26543524
26487803
26550534
26568800
26460891
26462912
26462752
26464174
26614848
26142199
26471294
26472849
26770555
26528277
26408816
26481734
26484669
26527871
26539176
26488727
26496475
26517485
26027477
26051799
26099542
26111484
26116454
26197214
26264246
26297525
26303173
26307465
26311838
26311862
26316405
26332098
26350174
26354356
26362951
26376669
26381662
26381663
26388038
26395218
26475946
26502962
26552458
26649184
26657227
26667510
26676494
26845211
26870101
26526621
26586946
26539294
26537904
26543133
26374942
26556274
26558753
26617588
26617601
27623409
26572057
26573617
26459212
26885152
26406455
26432612
26548613
26600504
26587649
26600532
26635809
26597507
24863496
25476720
26055692
26188884
26261001
26318190
26341860
26353941
26364001
26364156
26369604
26369956
26369971
26373714
26391380
26392495
26392511
26415528
26416873
26427378
26438224
26438500
26451878
26459891
26459893
26474995
26499480
26500225
26517560
26518066
26518272
26521926
26620988
26649077
26697353
26700086
26703849
26707303
26739074
26837246
27842878
27842882
26634558
26643351
26653099
26659671
26531136
26666921
26666934
26666943
26668261
26668262
26697004
26679588
27047618
26463084
26733995
26701320
26636619
26686492
26712205
26712938
26782550
26716681
26719938
24263165
25159043
25268178
26073736
26117707
26161476
26162565
26228051
26252184
26282497
26302798
26319645
26353076
26422320
26428730
26454051
26459897
26459900
26459904
26459905
26462989
26482299
26482304
26499836
26503239
26503651
26508103
26510383
26522754
26536333
26563303
26574005
26601601
26603136
26614015
26615460
26616413
26620637
26725031
26727902
26739973
26743517
26755218
26779961
26781412
26794850
26813295
26823169
26901586
26904146
26934424
26966105
26966582
26973774
26977122
26998253
26998356
27003971
27011632
27013253
27020225
27029115
27031890
27031897
27041865
27046931
27058056
27064923
27123345
27144176
27270503
27274985
27303682
27340405
27352068
27433169
27452226
27478476
27523013
27631080
27632551
27648444
27725892
27795957
27872643
28044137
29537737
29539244
26779129
26751436
26741962
26824943
26762461
26764912
26632525
26784164
26830989
26814180
26703794
26823599
26824228
26824353
26829543
25543268
26038017
26463362
26482264
26494365
26543035
26586483
26635315
26643338
26643347
26707336
26708086
26742726
26749222
26778130
26805619
26857720
26870013
26875581
26877142
26878302
27730778
26805524
26839024
26671210
27127591
26853590
26631640
26864220
26868136
26904021
27624962
27624964
27624967
26707198
26880271
26802465
26895985
26902193
28348844
26911714
26911658
26955368
26923424
26924392
26238676
26394029
26627340
26645269
26645270
26660878
26699703
26709119
26709259
26709261
26739158
26740313
26747061
26774604
26775934
26801512
26810614
26826577
26846351
26860891
26874513
26895604
26896499
26896789
26909385
26919521
26945401
26945403
26954369
26981403
26997986
26998007
26998014
27000156
27095990
27104010
27382684
27436391
27436395
27436398
27857983
29916671
26934182
28348845
28348846
26939581
26941147
26956585
27169538
27005666
27011781
26989670
26999163
26998609
27010837
27013043
27013044
27021903
27099638
27034482
27051026
26657396
26711434
26739639
26751004
26775929
26787693
26804303
26833161
26833167
26876746
26885722
27005457
27005459
27012918
27020541
27023726
27052863
27073447
27073633
27093936
27175494
27175500
27192584
27215877
27234776
27307980
27314994
27372168
26892611
27441208
27071077
27148178
27072398
27077375
27081137
27105318
26896613
27016767
27094331
27513270
27885969
28335205
27574683
27303724
27131012
27199558
26056755
26584648
26681776
26684547
26711304
26766146
26769895
26778251
26782774
26792570
26804302
26831279
26832750
26846651
26851196
26856847
26876749
26883694
26886453
26895502
26908743
26925593
26934673
26953197
26953198
26953203
26971181
27021531
27054039
27068675
27095456
27143492
27164315
27236394
27275125
27312551
27398247
27540447
27540456
27885285
28989469
29920041
27146090
27148448
27303744
27303741
26854744
26856342
27195897
26166496
26907201
27242772
27252939
27223476
27160593
27234982
27240484
27247231
25978105
26669752
26716768
26718661
26721824
26745326
26745443
26850720
26857179
26897584
26897699
26921012
26944923
26957490
26993173
27001817
27001819
27021321
27044556
27055400
27067283
27067315
27067318
27071840
27100065
27101884
27117471
27179817
27183619
27198604
27279859
27285299
27312582
27366345
27382554
27436466
27436468
27436472
27436476
27504286
27504838
27845499
27928489
27272697
27281572
27303751
27375572
27297683
27039148
27085593
27306928
27315107
27329755
27329501
27340065
27363583
27429479
27295561
27429793
27367001
27367004
26779992
26866778
26872882
26910023
26912753
26913733
26944004
26974861
26988572
26991925
27017978
27020284
27023465
27045768
27048448
27053435
27067324
27067330
27067339
27076665
27112832
27114274
27129967
27133268
27139471
27139604
27139605
27140419
27184767
27194730
27197104
27216382
27217349
27229539
27236843
27242318
27273247
27317512
27325813
27325814
27365967
27373298
27373479
27399106
27504548
27510700
27525401
27592491
27598629
27630840
27688611
27795854
27806248
27834332
27980582
29201752
29648723
27429894
27391234
27417949
27056030
27208124
28348858
27486453
27222042
27447671
27449800
27471549
27483290
25442877
26849630
27001670
27021512
27076109
27108526
27111825
27125687
27131840
27161639
27171885
27185802
27216052
27220329
27230482
27259867
27270280
27270286
27270288
27343986
27374745
27399903
27423416
27424597
27461478
27461479
27480635
27495035
27497135
27539439
27569886
27934808
28210466
27536286
27496018
27499852
27551277
27547682
27234880
27516515
27516516
27516521
27574420
27436581
27526195
27800136
27540056
27542832
27594850
26376473
27506797
27681923
27558010
27563033
27563036
27221112
27579592
27180602
27206968
27208045
27235198
27238611
27241732
27246238
27259712
27268592
27272120
27297475
27307524
27312390
27322523
27332787
27342783
27349348
27355651
27358465
27374893
27412356
27419187
27430533
27444886
27448835
27449542
27451087
27452903
27485638
27497952
27513530
27530839
27530853
27530856
27545979
27547405
27553951
27570854
27594976
27601280
27602085
27604361
27608310
27608312
27612361
27612610
27620956
27633307
27653364
27659437
27659440
27742282
27790432
28139542
29345892
29620807
29638058
27236224
27725018
25912636
27601573
27660438
27656168
27656173
27609928
27611223
27667984
27442617
27617798
27622249
27642637
27634541
27644087
27647066
27647067
27647068
27657031
27703329
27679782
27677795
27688336
27766173
27747206
25895829
26198414
26319682
26831859
27068589
27167999
27194637
27289480
27317405
27330072
27353465
27375062
27381360
27387018
27389821
27406609
27431214
27431216
27432399
27432448
27458211
27458222
27469573
27475960
27479925
27480863
27498975
27522927
27538011
27552304
27569533
27573640
27643959
27703512
27705609
27753580
27867554
27867970
27891340
27934820
