29298353
29304746
29309434
29375524
29386910
29206041
29320462
29321257
29229762
29324651
29344351
29593918
29374911
29348433
29593912
29352301
29387342
29804358
29387343
29387344
29360804
29404414
29422890
29373498
29434581
29381714
27553448
28185779
28642139
28642142
28782708
28866739
28916373
28956494
28958447
28964839
29050749
29092042
29111434
29127051
29133555
29152678
29158270
29158275
29178633
29186434
29203489
29229637
29249812
29300154
29302999
29310083
29310479
29319341
29389980
29414099
29434938
29531445
29606195
29607148
29666685
29946643
29394284
29456525
29623140
29363656
29408864
29410443
29437928
29467765
35539612
29439038
29301982
29483899
29487854
29456841
29973024
29553417
31804978
31804979
31804986
31804990
31804992
29476162
29484175
29396362
29411975
29491361
31825906
28665176
28691891
28899807
28940128
28986323
29057497
29107079
29122697
29164489
29214766
29248504
29259044
29276051
29277554
29283077
29288646
29305537
29305540
29305547
29307769
29311067
29311074
29319497
29320720
29321384
29331669
29337270
29353377
29353378
29366864
29370365
29378673
29387955
29409862
29410025
29411661
29475122
29506343
29525799
29525800
29528021
29533544
29541500
29547094
29579836
29608753
29608754
29630127
29686523
29707286
29707313
32226119
29306815
29503436
29505586
29527303
29144724
29144725
29198102
29259134
29260856
29523702
29523824
29541448
29556377
29556378
29564365
29717284
29535298
29298884
29438671
29515090
29554105
29554903
29568514
29609277
29559620
29636637
29636733
29542754
29600279
29643807
29636625
29631621
28393677
28511889
28705768
28783427
29037802
29063811
29108486
29209821
29217187
29241820
29247432
29288723
29309610
29313866
29339383
29339388
29339396
29343542
29427687
29456043
29486226
29499232
29504930
29521639
29553339
29611447
29668795
29671618
29682017
29687015
29692589
29933736
29998878
30697283
29614963
29636910
29621990
29674848
29642588
29644052
29692801
29755420
29558795
30374477
29649276
29650581
29706941
29706946
29441657
29713282
29664950
29674542
29690741
29690742
29774093
29574202
29701657
29760690
31851629
31851631
28261931
28475366
28970096
28972863
29051092
29098912
29338931
29349932
29401563
29408470
29410367
29410519
29439974
29463529
29463538
29486805
29514937
29524546
29524882
29547971
29580299
29582720
29624159
29633834
29652646
29668035
29693659
29719870
29731080
29750043
29765362
29869541
29997922
29997928
30043729
30043733
30899194
31723866
29720098
29720152
29774213
29734648
29740176
29554424
29627985
29746596
29748546
29750823
29752821
29785131
29717727
29701966
29769610
29844690
29844691
29977783
29782539
29914612
29735695
29788980
29875743
29727185
29795704
29872328
29872329
29766180
29843808
29876099
31865290
28778594
28826855
28830746
28970161
29039717
29396775
29397229
29398072
29408383
29410368
29430818
29432867
29433997
29442713
29476985
29481596
29482871
29496380
29505819
29508184
29508365
29515231
29524060
29528170
29529703
29530497
29554339
29555629
29555630
29614366
29651176
29693543
29705560
29717972
29737189
29737964
29768224
29856791
29859115
29868311
29932081
29945306
30074211
30101740
30258941
29973964
29746111
29882827
29922077
29928268
29928271
29880914
29534563
29889876
29946315
29899345
29963035
29471278
29625984
29907122
29806938
29928049
30034892
29881855
29735709
29943860
29997585
29953451
30002652
32255155
29764940
30026723
30015451
30030949
31940304
28372933
29028174
29058515
29352265
29356690
29449171
29473983
29501820
29522784
29548732
29555392
29577994
29627639
29633221
29659861
29661860
29668902
29704984
29712662
29734522
29751064
29760134
29771233
29807655
29847211
29895050
29963357
30002800
30024613
30033412
30200867
31522164
31819924
30057820
29983425
30065794
29970918
29973539
29887323
29976151
29767453
29991584
30105271
30034604
30011922
29960205
29965749
30018181
30123393
30037042
30060346
30038318
30044812
30050039
30084804
30083312
30083313
30197699
29108947
29506149
29559273
29664891
29673984
29675924
29691645
29729917
29735524
29753164
29761668
29778562
29790084
29792971
29800748
29804135
29844039
29844042
29848561
29859290
29891594
29891596
29910034
29914946
29939129
29979638
30024320
30047542
30095426
30106413
30113458
30116379
30142829
30740245
30071077
30122965
30131787
30533885
30103414
30103698
30155456
30111627
30115938
29931339
30071726
30115132
30154668
30174448
30186249
30186829
30133491
30135466
30197524
30060666
30210574
35547306
30152206
30152207
30157188
30533924
30002121
30170613
30186054
30288184
28585158
28783965
28943408
29172401
29471109
29485690
29519734
29548877
29602680
29618401
29665443
29665446
29709404
29723815
29729340
29751127
29758354
29807163
29846610
29884996
29891547
29914966
29920143
29926429
29934884
29940152
29941648
29960893
29967021
29967023
30013274
30016226
30036696
30053579
30060773
30064536
30159044
30192166
30198896
30207846
30235686
30235740
30265856
30278498
30278499
30374508
30378342
30087182
30202239
30238012
30254774
30443410
30008433
30185164
30245628
30250828
30237728
30271754
29890069
30017319
30219056
30223584
30311890
30237558
30251124
30260997
30310294
30369118
30268099
28693929
28701266
29406804
29410094
29626331
29860039
29886169
29939498
29962277
30008076
30012439
30012729
30015217
30015372
30068737
30068738
30076772
30081140
30082109
30082289
30082478
30087140
30097260
30102147
30156569
30160227
30175954
30184071
30193924
30202168
30220524
30233699
30316382
30318057
30334982
30350807
30350826
30352640
30390733
30402526
30412128
30439311
30443062
30498317
30522419
30663553
30279591
30282985
30283084
30338245
30323923
30301180
30344513
30349524
30304862
30392250
30306354
30349328
30308034
30338061
29986115
30043609
30459719
30459722
30337588
30230814
30295497
30347749
30243724
30360422
28877134
30352106
30353067
30360557
30473888
30365554
30367087
30464544
30392296
30425686
30042168
30549991
28233206
28590307
29474260
29489445
29590004
29635286
29653481
29720352
29784578
29870795
29906599
29907439
29908915
29934205
30019131
30027698
30053642
30057349
30060117
30081139
30103004
30104281
30107435
30124845
30124902
30126953
30144503
30145712
30150471
30181365
30224972
30251951
30253445
30269854
30346117
30388093
30424828
30461373
30472242
30483382
30505183
30515206
30524162
30541640
30581831
30228191
30404152
30459734
30455867
30519056
30534155
30423039
30423045
30423046
30423049
30423050
30423055
30424821
30519063
30442963
30532562
30532563
30532564
30446709
30505298
30479750
30481922
30515144
30463589
30479753
30486311
30505434
30542330
29718143
30052813
30482891
30533576
28431478
28732564
29277142
29529970
29575790
29665444
29857033
29859266
29902105
29909172
30039186
30100172
30111160
30118983
30124881
30137346
30145822
30172044
30176354
30188994
30194493
30205194
30227225
30240602
30241827
30247543
30248511
30262284
30292478
30292703
30297362
30311872
30316023
30316654
30366028
30375283
30385087
30390524
30403371
30415004
30423363
30444147
30478181
30509675
30511669
30555136
30593744
30606347
30657912
30671118
30873264
30923450
31168197
30557106
30509196
30511216
30513933
30775339
30406986
30509192
30534380
30521623
30533856
30568908
30574124
30472832
30564308
30551738
30582036
30619184
34996275
34996276
30558715
30563903
30603692
30619179
30592758
30594199
29638177
30442396
30596642
30672433
28100110
29246087
29674129
30003961
30030205
30058497
30125985
30240838
30272195
30297527
30312816
30323035
30323049
30323050
30324896
30342838
30348663
30353221
30359472
30373797
30373804
30385392
30397067
30422106
30422109
30426908
30430585
30439519
30445131
30468751
30476577
30516469
30539662
30561303
30588045
30606950
30637660
30643441
30648939
30652764
30683034
30683035
30705786
30798540
30798541
30798542
30798543
30798544
30798545
30798546
30798547
30798548
30798549
30798550
30798551
30798552
30798553
30798554
30798556
30798557
30798559
30798560
30798561
30798562
30798563
30798564
30798565
30798566
30798567
30868996
30896323
30907313
30983798
30983800
31166421
31175725
31200409
31244437
31250593
31364067
31364068
31364069
31364071
31364074
31424015
31707391
31805829
31854953
31860848
34377965
30606201
30637387
30413536
30608966
30621147
30662431
30662875
30666237
30671029
30687280
30687281
30629614
30633761
30641878
30638443
30656071
30210104
30348832
30911445
30655547
29982303
30660181
30718963
31666814
30626645
30728802
30682786
30834190
29996592
30906692
30699983
30755795
30761101
30704410
30709064
32032023
29530709
29605096
29940215
30297051
30308215
30308888
30312401
30353977
30357343
30391645
30395986
30397059
30412249
30412264
30419545
30420477
30426331
30503958
30520737
30529108
30530607
30540925
30565684
30586602
30591981
30626244
30652440
30712199
30720421
30723876
30733859
30782276
30846661
31194061
31219087
31219089
30710998
30554842
30615305
30723122
30746493
30805352
30868071
30787915
30792655
31086782
32091696
30520466
30792853
30579325
30809211
30781896
30814950
30814989
30463964
30475989
30475998
30478084
30834237
30784584
30815282
30787115
30853949
30853970
30804362
