33514059
33509984
33514432
33533819
33572723
33573077
33516213
33573148
33571146
33571148
32036742
32500488
32580619
32588768
32677578
32767194
32808109
32813566
32814877
32815412
32915685
33058795
33058798
33090037
33156436
33161239
33162232
33171283
33248392
33278626
33290880
33352235
33373881
33387481
33432151
33526501
33528272
33554833
33597937
33599952
33616331
33616945
33729135
33889362
33889370
33529209
33540588
33540688
33536477
33546407
33728113
33562877
33562194
33288627
33634151
33566854
33578887
33201995
33227138
33294925
33338207
33670223
33670315
33576346
33643267
33668542
33668622
33588951
33664711
33669401
33168615
33318006
33544596
33671416
33679153
35423227
33604693
33672670
33672671
33672753
33718642
33617547
33617559
35100868
33180358
33622726
33654415
33672170
33570927
33625355
33668288
33718272
33658811
33668905
33576231
33637791
33717019
33718279
33718283
33639864
31257910
32331989
32519416
32588732
32706621
32716693
32721271
32762592
32762604
32869561
32889142
32993829
33037454
33068255
33144146
33166618
33180321
33230628
33268523
33279684
33348167
33359045
33363673
33383221
33388597
33398258
33412390
33418147
33448923
33484833
33486122
33512576
33527850
33545327
33554671
33565812
33571708
33591460
33594649
33599607
33611687
33648594
33659147
33664183
33732472
33732753
33739918
33749577
33773555
33788112
33818928
33818961
33850879
34151148
34151151
34158773
34223078
34223092
34316574
34409786
36148435
33738267
33801221
33616382
33657146
33802578
33663564
33707942
33516984
33673869
33807838
33728308
33678191
33690209
33800296
33621054
33803296
33803438
34240044
34240045
33691788
33707317
33738069
33776950
33799540
33799642
33442721
33452522
33790979
33791325
33796296
33727395
33727401
33727586
33730101
33731026
33735105
33815505
33468472
33495215
33803549
33808805
33808905
33743736
33810067
33495249
33495250
33758343
33791430
33804887
33804894
33805050
33842399
33897637
33782435
33787716
33824595
33444681
33580649
33789574
33807410
31537184
32576392
32657168
32882147
32898467
32915684
33029764
33078219
33247984
33387895
33393154
33421579
33541656
33571624
33601139
33627412
33640629
33666749
33667610
33746045
33793553
33795739
33832811
33897328
34045810
34053483
34125759
34183943
34184709
34194144
34251345
34540151
34540152
35018183
36267923
33918140
33918374
33916831
33720682
33842764
33869606
33832538
33920199
33920206
33846444
33912474
33501980
33585908
33674428
33924559
33857127
33920945
33921011
34084593
34382570
33923801
33936010
33936107
33878247
33923991
33923992
34124298
33882891
33922151
33981496
32840575
33892804
33922793
33934133
33909754
34007787
34007849
33925181
33914829
33946643
33958879
33996866
32915713
32991256
33085934
33180570
33243098
33397609
33456052
33465557
33502723
33567337
33582283
33635432
33653023
33684520
33746046
33857539
34008484
34026293
34112298
34169905
34249272
34602426
34063718
33289833
34124301
34025617
34025711
34066841
34066874
33971969
33972678
34068784
34064682
34064958
33582800
33760082
33980943
34035994
34054783
34068158
34068912
34001022
33820764
34069870
33789957
33789958
33827899
33945683
34069596
33782056
34065605
34095163
33974796
34113820
34021844
34022899
33250488
34031472
34073939
34079300
34079301
34070371
34070398
34079303
34113329
34073235
34073255
34042702
34044843
33820890
34071451
34124149
34136573
34072342
34059725
34072620
34136417
34250129
32880864
32941593
32996073
33185494
33190215
33211640
33217512
33411173
33411174
33411178
33485133
33486654
33501578
33580212
33618003
33618061
33640370
33662618
33675719
33707779
33766635
33783231
33785362
33789157
33812049
33830714
33836275
33838134
33852935
33870461
33887390
33913535
33930578
33932545
33989848
34103914
34110280
34150300
34165418
34180598
34185951
34205838
34206118
34540166
34540168
33647207
34077475
34078354
34083569
34199889
34200238
33875545
34103078
34107899
34135604
33823220
34248873
34117488
34102719
34163185
34198510
34198665
34223140
34223152
34223153
34306341
33692149
34133175
34208698
34220762
34168431
34168441
34204497
34222146
33760099
33769481
34207043
34207316
34220763
34485491
34239928
34139830
34139834
34203028
33180031
33533731
33853056
34188495
34206348
34206474
34206680
34201723
34250011
34080858
34166384
34168184
34168196
34194233
34201908
34211285
34206777
34180396
34183737
34044590
34134514
34134515
34154405
34188171
34210052
34268132
34193300
34208826
34242194
34277469
34584503
32875967
33261536
33270485
33544031
33710453
33744624
33794076
33825215
33838068
33849355
33856049
33865931
33906750
33929764
33934519
33940514
33962007
33972716
34082977
34094583
34144496
34226447
34236300
34251298
34258006
34316180
34416797
34568198
34782540
34904001
34349595
34356732
34290688
34295834
34298891
34161080
34262306
34349895
34356754
34356760
34243717
34247587
34322102
34322110
34345486
34299528
34356772
34261542
33907816
33956969
34028161
34299558
34335511
34031052
34097477
34097495
34292687
34349752
34356796
34264334
34308078
34308084
34356801
33250491
34292070
34367092
34438953
34367932
34405012
34381818
34315422
34349524
34386463
34360847
34394022
34452123
34394026
33979679
34394105
33965488
34343128
34436280
34497720
33411179
33417816
33528159
33656377
33783753
33844321
33878387
33893654
33896011
33906516
33907866
33913312
34022355
34044188
34048890
34077819
34091291
34118067
34125402
34157388
34229090
34242935
34379989
34383423
34488404
34488415
34557275
33173946
34180997
34333917
35227359
34421880
34421881
33933754
34353332
34354181
34422870
34393497
34430227
34097810
34370684
34370792
34372787
34439009
34442773
34442776
34451470
34381152
34109404
34142130
34384380
34458227
34100578
34105954
34110766
34227804
34232613
34302342
34339169
34389761
33755148
34429619
34097483
34125590
34181474
34404348
34404351
34404473
34165324
34457318
34411123
34411140
34412693
34489898
34416851
34439060
34447258
34439065
34451920
34497596
34232073
34431477
34572616
34572620
34232736
34578115
34578271
34572636
34225485
34282943
34311571
34372705
34425709
34511942
34511946
34516425
34578143
33124498
33257012
33270079
33316399
33342706
33600262
33824174
33837878
33839188
33851566
33884516
33892150
34029723
34042180
34044179
34051359
34052680
34105103
34147586
34166729
34170571
34233224
34242796
34270184
34272838
34274538
34284088
34294995
34325973
34358816
34377981
34398126
34405594
34449059
34466802
34466803
34508324
34514017
34572317
34572644
34667473
34803000
34840449
35083013
34578164
34671728
33503660
34259550
34287033
34495972
34495985
34496774
34496787
34227716
34531666
35146349
35199731
35199733
34589072
34576087
33857030
34526127
34572697
34659729
34712901
34310884
34531538
34578429
34252309
34271009
34280015
34339267
34574752
34603057
34603934
34650528
34566417
34572709
34544549
34550209
34621692
34552198
34584955
34667587
34685368
34680743
34683344
34563197
33856456
34175926
34611414
34664813
34681370
34684208
34591663
34630572
34685879
34744536
33612270
33638897
33812722
34083145
34098663
34134465
34176664
34212401
34252691
34293453
34298091
34302508
34304433
34311097
34314810
34325217
34325929
34403765
34420902
34460060
34485641
34551475
34633923
34647887
34659144
34659171
34666661
34680775
34680777
34900162
34900171
34908568
35077621
34106809
34671569
34588306
34610799
34611259
34675899
34675911
34707929
34754669
34869859
34252992
34683425
35493577
34617780
34659419
34680802
34635692
34708004
34708062
34398661
34398664
34680819
34684258
34712211
34685451
34721353
35497568
34656664
34682179
34722334
34703252
35199686
34680840
34370576
34424038
34424045
34680848
34733265
34689464
34834917
34672711
34678056
34712048
34822471
34725548
34697926
34759910
34760862
34517755
34544274
34702307
34764949
34827242
34835355
34706677
34827247
34834215
35251744
34495707
34737665
34832878
34713857
34714855
34468194
34523993
34668743
34780370
35851208
33884726
33926231
34029121
34098109
34155547
34364435
34426860
34509799
34522977
34522980
34523266
34525402
34537275
34542714
34546590
34547422
34555685
34560167
34562546
34583850
34592373
34624314
34627065
34635960
34674538
34717227
34725337
34761737
34764760
34783740
34790197
34790588
34804545
34866831
34872281
34964298
34980311
34980319
35392341
34677927
34728509
34806714
34827278
34732754
34827282
34735533
34805000
34741090
34764660
34827138
34751825
35017874
34758880
34758882
34668698
34672535
34699190
34718541
34795489
34795490
34829902
34830146
34832638
34426181
34780494
34460288
34739212
34827340
34835490
34869542
34570648
34146491
34832660
34835509
34869331
34888116
34624440
34830401
34832671
33642430
34880837
34988342
34819026
34824229
34868336
34627000
34665637
34837973
34866919
34845873
34537298
34856746
34869986
34898496
34943684
34943687
35018330
32680693
32815402
33258407
33372826
33703996
33813125
33818297
33971055
34111586
34129391
34170209
34260054
34260484
34304694
34324917
34329792
34352189
34375563
34419741
34448250
34481121
34508982
34515614
34524633
34570387
34585138
34597421
34599600
34607062
34610732
34622028
34636220
34648177
