28070537
28124956
28124957
28149487
28349005
28855926
27757110
27647202
27571880
27711156
27853518
27681618
27729508
27738026
27741281
27520808
27714027
27795287
27541707
27818659
28090384
27782161
27634041
27801369
27801377
26821549
27058579
27217347
27350114
27423268
27494922
27510182
27527089
27527351
27542315
27550356
27562470
27572416
27596532
27600048
27614427
27620658
27663910
27666191
27670371
27709647
27847502
27968959
28138372
29634194
30695307
30695309
27806702
27509201
27809900
27731959
27821087
27852378
27650306
27826141
27881972
27834373
27891118
27765507
27849050
27856573
27856588
27966301
27966302
27891184
27917170
27894388
27875572
27808510
27886043
27933276
27898030
27892531
27783477
27810710
25553994
25661253
26341302
26364729
26420036
26990617
27003287
27033711
27077932
27082787
27168312
27324612
27365529
27494931
27543656
27544791
27545697
27553449
27561435
27605598
27619325
27619507
27626896
27629901
27636561
27640081
27645387
27671056
27671058
27671072
27712928
27713027
27742144
27746195
27771188
27773496
27773498
27794265
27835840
27835841
27835843
27836381
27842757
27865626
27865627
27871593
27874151
27876274
27883369
27902392
28011964
28018813
28101158
28144198
28180003
27910828
27911894
27915239
27918447
27927163
27955639
27959942
27960388
27143131
27876320
27923956
27992494
27992528
28081345
28774148
27586533
28036056
28036308
28352851
26772199
27004429
27093111
27183378
27216271
27573251
27591295
27621176
27624572
27626764
27634916
27650185
27739023
27765082
27766913
27769928
27776788
27789057
27795305
27795382
27799214
27799219
27799293
27816975
27830081
27840136
27842758
27855080
27856076
27864804
27865634
27882771
27890443
27908580
27911257
27916419
27919742
27930267
27939245
27939675
27939676
27974412
28007308
28012582
28051952
28056222
28098124
28190396
28198682
28273965
28273989
28286833
28303824
28408938
28538846
28567057
28596960
28603118
28757686
28804720
28814955
29159177
29181039
29248914
29250670
29258062
29321838
29393287
29415530
29630191
29644828
29792794
29952539
28117818
27862429
28056745
28056839
28057656
28082506
28105270
27764938
27890730
28160861
27991763
28124025
28241707
28966792
28126932
28135233
25735795
26300348
26712337
27387224
27478029
27615546
27714593
27855079
27863949
27872080
27872182
27881616
27889248
27895018
27902395
27919299
28013184
28035408
28065568
28073962
28110918
28111984
28120193
28145487
28182358
28384861
28384882
28775819
28152054
28153899
28102683
28220115
28191309
28196469
27986722
28261570
28375515
28375520
28207789
28207864
28209815
27936588
28209973
28219141
27992816
28230771
28222811
28275586
28263502
28289407
28246361
28248670
28364792
27259183
27653617
27665456
27915096
27915487
27919649
27919672
27993849
28007519
28011349
28030490
28031203
28052852
28052995
28069648
28073895
28109554
28111327
28120024
28120585
28137509
28159381
28167347
28199190
28215823
28249575
28254253
28260590
28271653
28287300
28356169
28363063
28406770
28449463
28523044
28562751
28612536
28658333
29446811
28273700
28263303
28264656
28190743
28270585
28278280
28103015
28284195
28348979
28350901
28453834
28180225
28303845
28303847
28328989
28356719
28663824
27357994
28396656
28674573
28358014
28458799
28592933
26055688
26101881
27314660
27459019
27762102
27884784
27979420
28012345
28032341
28064057
28073968
28089178
28096160
28099994
28137795
28150578
28161461
28176481
28198170
28202341
28242426
28257985
28268175
28333234
28364050
28371606
28373038
28379105
28413506
28413520
28762368
28828026
29257842
29384621
29912484
32454589
28421168
28388920
28291947
28400958
28417918
28446911
28291943
28207234
28300536
28302397
28425271
28427132
28512603
28497114
28448572
28449650
28462048
28490701
28518072
28553417
27605498
27815129
27874971
28000030
28089718
28104340
28124780
28158732
28163137
28185802
28193905
28202329
28223393
28224769
28264850
28264853
28264910
28284311
28300674
28315729
28333347
28365429
28399424
28459877
28500705
28516852
28524024
28565825
28671080
28948958
29513948
31156934
28467437
28468660
28473391
28523249
28475585
28533769
29165152
28536672
28486994
28406300
28493985
28343384
28242720
28264991
28289081
28475783
28475791
28512290
28515905
28513576
28522700
28532467
28538146
28579835
28440833
28596943
28545444
28463513
28548079
28558660
27282307
27347714
27564414
27575912
27663838
27728770
27792476
27981851
28088439
28089604
28134679
28189888
28205160
28213015
28242072
28251730
28270258
28289036
28320716
28320880
28325579
28333319
28333332
28333348
28333363
28341099
28343727
28348158
28357705
28369471
28373195
28395551
28404676
28411959
28415553
28422471
28427842
28427887
28435019
28438568
28455076
28480813
28487209
28487993
28540732
28578555
28603227
28614259
28626312
28638248
28854628
29225753
30087789
28373284
28583148
28587316
28592862
28638371
28287735
28522011
28594944
28595608
28670639
28618727
28664714
28619105
28621711
28623298
28670571
28680633
28654009
30500776
28665414
28785129
28839492
29021722
30023681
27854148
27854165
27935770
28101785
28132117
28216293
28224696
28264618
28284750
28291507
28333283
28336429
28379382
28398924
28399311
28411476
28445009
28457900
28490493
28502395
28533186
28604100
28616070
28622224
28663698
28671537
28675246
28681751
28781486
28892891
28929961
29076697
28676640
28650486
28683724
28686744
28687078
28513074
28693493
28740486
28744270
28701170
28705201
28810329
27660018
28714473
28714913
28804572
28724383
28724953
28763905
28739620
28740225
28761777
28815210
28750102
28682615
28761101
30023707
27540902
28265870
28410511
28455781
28458172
28461258
28479508
28505330
28507065
28532975
28533185
28533232
28533235
28559275
28571980
28572073
28584137
28586022
28588123
28592553
28607024
28613991
28646746
28675109
28689800
28721845
28750865
28758623
28758635
28763494
28767605
28767978
28777084
28777087
28789493
29085575
29165525
31435254
31723647
28642945
28795889
28448954
28578199
28174100
28797068
28800159
28806947
28861061
28931235
28696672
28861082
28868304
29026867
27858524
28118093
28825641
28837596
28894700
28851843
28771369
28854887
28860239
28080212
28085571
28099062
28162962
28196696
28237694
28238067
28410932
28549326
28572036
28587870
28605445
28630178
28630181
28630188
28639145
28652230
28664218
28664267
28669800
28669829
28674047
28674056
28676346
28701421
28705748
28705755
28710611
28735048
28780324
28932712
28934377
29026472
28873428
28878816
28883144
28919792
28895051
28900250
28979121
28904355
28829573
29026836
28934482
28979253
28367880
28956395
28959441
29018420
28963492
28965283
26902255
27077936
27347770
28248002
28374901
28437227
28437232
28528003
28535440
28549878
28624549
28629972
28651918
28666372
28681941
28711441
28714256
28717038
28733283
28734630
28739789
28760936
28768595
28781060
28793943
28794933
28799218
28807909
28825446
28827174
28831598
28843462
28870696
28893690
28916315
28925528
28954001
28955072
28974975
29026355
29036955
29036965
29091183
29091221
29103235
29169425
29268397
29302147
29331005
29405135
29405136
29405141
29460560
29563928
30082559
28436748
28448786
28598246
28650701
29036990
29075243
28830719
28855313
28958847
29061006
29081676
28881459
29152103
29075483
29079752
29163381
29164118
29089426
29089523
29089624
27287765
28081920
28461077
28595750
28625698
28751010
28758820
28776101
28807908
28809447
28840993
28848004
28848013
28870269
28893775
28913903
28962078
28965496
28980827
28981866
29024774
29058650
29058654
29076065
29088961
29091031
29115647
29175778
29206501
29299207
30108723
29200950
29109439
29164074
28994597
28835096
28991447
29127419
29137129
29152950
29071339
29137647
29224317
29224318
29142299
29145853
29155867
29200878
29104975
29160808
28647277
28120710
29100177
29225477
29230394
29138321
29186015
26725481
26869070
27447356
28050857
28437233
28467172
28622734
28688010
28705499
28705678
28729206
28741095
28748397
28770446
28825186
28830809
28870091
28886559
28893449
28947471
28947651
28951056
28961764
28961773
28971872
28978681
28982978
28988868
29017889
29076652
29124876
29141401
29172792
29216940
29279590
29285160
29286008
29286009
29299898
29310378
29310399
29373768
29382416
29487729
29529327
29631525
29264357
29045123
29263684
29233894
29234083
29312188
29136469
29032931
29050604
29254478
29276607
29262831
29341954
29267233
29206938
29312259
29295549
29301193
29662260
29707660
28724243
29983683
28088916
28130825
28570118
28594634
28612844
28636788
28639245
28669836
28705668
28750947
28785779
28803189
28879405
28891454
28893447
28961812
28969576
28980084
29027589
29029045
29030447
29046407
29061741
29061747
29063446
29065840
29069366
29069421
29109161
29112767
29114953
29116586
29118172
29133159
29133567
29155126
29162308
29204285
29223098
29230684
29241362
29261091
29291642
29313864
29317840
29317913
29318108
29334313
29379332
29386161
29403209
29413513
29416274
29467997
29516962
29533955
29552530
29567889
29600051
29600070
29667378
29719996
29735825
29783252
29932037
30046488
30152290
30192362
30368121
30451450
30474535
30481750
30568055
30787810
29298323
