31220612
31255535
31279737
31327746
31327747
31331735
31334893
31337544
31350319
31355707
31356055
31402227
31425852
31436153
31436155
31437677
31444126
31471272
31477530
31481344
31491378
31525353
31575880
31576972
31587112
31596318
31596462
31655926
31715700
31721928
31721931
31800885
31800889
31859807
31998617
33269738
31587667
31590678
31530726
31600190
31604442
31602827
31610803
31615544
31619275
31640746
31658265
31615889
30820826
30859618
30915518
31184993
31186196
31200977
31211655
31214965
31253864
31254009
31306085
31398530
31407963
31437557
31451771
31471686
31473856
31482787
31484700
31489383
31496338
31516114
31549616
31550397
31553224
31566662
31585116
31599711
31613173
31625863
31725613
31725662
31736900
31685019
31690673
31662085
31683400
31694625
31823859
31722991
31731580
31747432
31257244
31752967
31752997
31587649
31767914
31772223
31850236
31774393
31776245
31783486
31775857
31780680
31548475
31780533
32087072
30744707
30848844
30915720
30993545
31211641
31286358
31295054
31384012
31430401
31441594
31518572
31525571
31541702
31548319
31549609
31562909
31590072
31611642
31628739
31650087
31660667
31720842
31722384
31742525
31742531
31742533
31750894
31796169
31644794
31792331
31505135
31797888
31800982
31805127
31866968
31810465
31550003
31822267
31822714
31847276
31761702
31732168
31611482
31847764
31847836
31856227
31885226
31861899
31864403
31666366
31870290
31229556
31302148
31337540
31408412
31501035
31542229
31549736
31551528
31564642
31564643
31567038
31574580
31591070
31631052
31648003
31677968
31682796
31689527
31704208
31708375
31734862
31769394
31769404
31777316
31805300
31820245
31843539
31853763
31854265
31891215
31916873
31979815
31979874
31979876
31979881
31979888
32057400
32134015
32134021
32187008
32189679
32667504
32785527
32787462
33128864
33263871
33263882
33263885
33818454
33818463
31895916
31900233
31906849
31910374
31914123
31368492
31504641
31595296
31618432
31918751
31919396
31988849
31923174
31937373
31988811
31949241
31959217
31961870
31973172
31969607
31971938
31971956
31986143
31992623
31659008
32132275
31922183
31077806
31194893
31265751
31300838
31387814
31407021
31448989
31453762
31518651
31522969
31638478
31726321
31731011
31742733
31778642
31790650
31820709
31846415
31857182
31896047
31901105
31912447
31942975
31945327
31953633
31955791
31958110
31958375
31961304
31961312
31961319
31971489
32145725
32877141
33659781
32117791
32028994
32028946
32041638
32049147
32041484
32054525
32054909
32069292
32110116
32066253
32092972
32078642
32084216
31852765
32102367
31299006
32098825
31576408
31617911
31687749
31693136
32103780
32111251
32318504
31120156
31580216
31626722
31630482
31698114
31705635
31707006
31711730
31718355
31721059
31767495
31767943
31769616
31776872
31784419
31786146
31822398
31839472
31839473
31841657
31848843
31862465
31866439
31870635
31883907
31916316
31925589
31927646
31935173
32025311
32032840
32034827
32060958
32081095
32121541
32121571
32126342
32211166
32292001
32347822
33402908
31900308
32119672
31044232
32138145
32143533
32139802
32144396
31978335
32155143
32157188
32168905
31941602
32164559
32187233
32191724
31907196
32014896
31941695
32212524
32226336
31267127
31267128
32231020
32228658
32228712
32236336
32244550
31596027
31603613
31658430
31805833
31825546
31869759
31904510
31909489
31926932
31958747
31997547
32025488
32047292
32144639
32187009
32249393
32265562
32448523
32448525
32461399
34290155
34290159
34290165
32243448
32260468
32267390
32193339
32264829
32264920
32318051
32322563
32373635
32271774
32294720
32091199
32290349
32282862
32284475
32326477
32302295
32303196
32306908
32122896
32312285
32312308
32312323
32317318
32132188
32132189
32351785
32332817
32349270
32350359
30864670
32353058
32354342
31543352
31820073
31841654
31848755
31880098
31883908
31904432
31924501
31935354
31953063
31955452
31964592
31983628
31984654
31987818
32001158
32005627
32030839
32035054
32035897
32037097
32053259
32057703
32123346
32141700
32155394
32163151
32182116
32253495
32267035
32301923
32310066
32310072
32310080
32326861
32559297
31768539
31808809
31912880
31917445
32381072
32384057
32253286
32393759
32398008
32414173
32414774
32413031
32421751
32443976
31570937
32448167
32450914
32547799
32509531
31678231
31759172
31790119
31889177
31976829
32028054
32044431
32077038
32078985
32199907
32227225
32233019
32239717
32299043
32329790
32333111
32339356
32372730
32391935
32394036
32441637
32470268
32472468
32473140
32480031
32492273
32492279
32685123
32691620
32276978
32497120
32498703
32207826
32519634
32522243
32545152
32530921
32532309
32545688
32556039
32546622
32560202
32555677
32575502
32571427
36338184
31412360
32633992
32633993
32609243
32605029
32601334
32605544
32605566
32605600
32683352
32683353
29350608
31231926
31231971
31232527
31464102
31721463
31938957
31975551
32058670
32077809
32090486
32090496
32111546
32122808
32128956
32156478
32159462
32173299
32189066
32209348
32247015
32267802
32273163
32274984
32305154
32305236
32305237
32312647
32315604
32318980
32336660
32353550
32382991
32386908
32417295
32423693
32439385
32458175
32458785
32502919
32516872
32529355
32544114
32549080
32568664
32572671
32577290
32615402
32643110
32862889
32862894
32862907
32862918
33102194
34472513
34472514
34472515
32614824
32616041
32620750
31961929
32053722
32073128
32123904
32753908
32704442
32635864
32639986
32640994
32641039
32418944
32787418
32665019
32695906
32708808
32682398
32686735
32687500
32690078
32694524
32722516
32491177
32723916
32724088
32760836
32726353
32727555
32751142
32751625
31831322
32052099
32112519
32233979
32238906
32280584
32283047
32289643
32306509
32314037
32334005
32364681
32483854
32546497
32599512
32647904
32647905
32681278
32687023
32728778
32744925
32800150
32864308
32871638
32748891
32746875
32756774
32759662
32759695
32571804
32903648
32784948
32779567
32782016
32787842
32787974
32817454
32823761
32796890
32680956
32799914
32824571
32813725
32493778
32831122
32838795
32908499
32913671
32866142
32207056
32318966
32325042
32366189
32378157
32388920
32389537
32447028
32447029
32491210
32499148
32506239
32529776
32573833
32588799
32588804
32602433
32631790
32661403
32683558
32684117
32715155
32723630
32723632
32723635
32723638
32723639
32723640
32723641
32723649
32723651
32723653
32723655
32723659
32761629
32781029
32805367
32818400
32818412
32818424
32823394
32823414
32869112
32920573
32952967
32991196
32997473
33033671
33034342
33104121
33132587
33612770
33612774
32718933
32881871
32249319
32307514
32322900
32338290
32905752
32927666
32933183
32925913
32947795
32948542
32957540
33024565
33245658
32661123
32747600
32948809
32951589
32968088
33072622
32350215
32973327
32977742
32992475
33000738
33027426
32913052
32993638
32993778
32994495
32994497
33003310
31173475
31215133
31232523
31617302
31631529
32180236
32198842
32358827
32399732
32402231
32485226
32488484
32492397
32553798
32553859
32562372
32580611
32598238
32679008
32706439
32712316
32730769
32748037
32768516
32801177
32829184
32854141
32868511
32891899
32937243
32941229
32946736
33004069
33023928
33025772
33072805
33079998
33089326
33202508
33659853
34856710
34856721
33022249
33023645
33024036
33032588
33032591
33033285
33033309
33048997
33057334
33059758
33195629
33067437
33081422
33185065
33069260
33081703
33092135
33111845
33091016
33095791
33121158
33126449
33126690
33138055
33193196
33194960
33175711
32112308
32366193
32588174
32592686
32615438
32961330
32974769
32993923
32993924
32993925
32993931
32993937
32993945
32993947
32993950
32993954
33025238
33075316
33209946
33465194
33480542
33688133
33147773
33148588
32928930
33158098
33158442
33168841
33168903
33219642
33168082
33176719
33180784
32647878
33185242
33202715
33198811
33109388
32999008
33208186
33233713
33237125
32475869
33324385
33239461
33185245
33257651
33257667
33266186
32252063
32326851
32362407
32432803
32552437
32557083
32597701
32649049
32720090
32741005
32783512
32793413
32888935
32911380
32949487
32959380
32959772
32966874
32975175
32975315
32995266
33002616
33025239
33091146
33120297
33120299
33122853
33135177
33145971
33146105
33184172
33207056
33207059
33207065
33219656
33219793
33219798
33219809
33219812
33248417
33261663
33294364
33295865
33308714
33308720
33308736
33308744
33308747
33370041
33612737
33635619
33267828
33276564
33344080
33004433
33012734
33283864
33284808
33297293
33073851
33298138
33319114
33363242
33322277
33322349
33315074
32893834
33362982
33331518
33353183
33419379
33035486
33352133
33356053
33356081
33424811
33379251
32737539
32770272
32797390
32972336
32986535
33007667
33007668
33010631
33010632
33059172
33075531
33099170
33099171
33107810
33113476
33113477
33125524
33146112
33156708
33159903
33160189
33160190
33181442
33196908
33202197
33217484
33220628
33225402
33252025
33259753
33316536
33338890
33369490
33416491
33437899
33651874
33678368
33678370
33678392
33678396
33764206
33780958
34125821
34537749
34545804
34696843
34818863
34818869
34953129
35247238
35282331
35526996
