26467958
21668575
21781141
21785920
21842137
21934703
21938022
22022815
22076027
22159737
22172602
22205824
22210220
22214329
22219313
22222114
22257655
22266203
22268975
22277830
22282331
22293464
22305337
22321996
22369153
22374949
22376001
22379331
22380432
22386178
22392278
22484753
22515036
22543604
22585246
22595273
22383821
22401583
22433114
22192469
21940118
22452970
22462408
21947341
21947342
22032328
22140099
22188208
22212234
22214269
22217177
22221256
22225423
22252875
22286986
22327584
22354925
22360386
22368278
22408242
22431531
22443327
22445929
22449515
22469314
22487426
22492134
22492158
22511280
22563611
22565079
22566732
22590684
22664504
22693777
22774502
22800633
22832744
22832750
24031883
22497736
22515314
22526723
22531297
22534530
22214272
22217182
22226382
22244519
22349945
22389475
22392926
22407681
22433115
22493192
22493199
22516455
22532262
22535934
22634883
22679853
22679855
22679861
22679870
22679880
22679887
22679888
22679890
22694589
22830264
22883181
22883182
22204792
22113034
22662624
22583543
22584120
22678295
22621773
22130333
22204789
22517868
22668647
22668648
22669870
21729390
21933360
21964802
22007869
22153761
22214859
22280837
22392435
22402940
22419438
22465193
22467507
22484279
22494817
22497260
22500583
22504801
22504806
22534515
22539470
22548563
22607743
22607827
22608066
22608121
22608123
22628514
22632649
22665616
22665617
22665618
22671555
22702526
22709789
22732604
22743047
22993783
23242292
22696473
22645363
30890866
22219393
22737150
22645155
24893060
22277948
22326972
22348527
22361828
22381686
22434363
22448722
22448745
22461487
22462646
22467631
22472318
22484764
22505220
22521727
22522044
22522688
22522691
22530696
22533729
22539814
22541336
22544247
22547548
22549469
22585962
22607068
22617213
22709801
22738055
22738934
22763636
22764303
22764312
22846139
22885447
22897044
22897053
22897060
22919928
23060956
23070428
23077805
23077820
23265378
23405539
22326937
22365338
22586066
22136597
22362364
22450512
22503113
22520814
22548357
22548679
22607070
22609369
22615250
22649020
22660706
22685158
22730531
22788813
22815457
22829635
22835046
22840573
22840682
22841007
22855768
22855769
22990810
23372198
22465150
22935132
22935149
22390200
22411632
22415481
22468989
22480930
22520448
22527840
22612237
22658916
22716923
22731846
22749737
22753375
22773786
22784401
22787193
22798369
22809734
22816518
22875676
22878792
22887655
22887666
22906497
22910060
22924722
22931966
22933759
22933760
22958251
22973543
22990977
23025192
23028321
23045805
23082534
23086032
23092017
23297473
22950642
22798342
22968794
22634095
23019356
22562106
22658957
22789674
22831171
22843518
22851652
22851751
22859615
22859824
22878693
22891783
22908957
22939414
23017244
23017437
23017728
23018026
23039302
23041355
23082961
23184320
23207986
23214526
23277122
23282495
23295820
23298927
23096683
23050849
23057497
23061984
23075233
22374234
22551055
22633176
22669278
22729142
22747758
22806335
22835153
22889830
22892635
22903036
22907812
22907813
22925016
22925024
22947080
23025695
23143233
23166411
23193527
23242684
23270154
23270180
23270184
23305021
23394042
23633715
22675165
22951738
23146564
23148669
23181781
23190684
23198969
21803838
22192733
22465306
22521739
22676974
22712460
22729571
22784931
22796321
22813904
22882652
22919073
22925931
22961037
23002218
23017151
23042170
23137572
23140892
23140893
23140894
23140895
23140896
23140897
23140898
23141102
23141104
23141106
23141107
23152317
23153005
23160026
23164496
23167501
23168046
23168048
23168049
23168050
23168051
23168052
23168053
23168054
23168055
23171572
23171714
23171720
23171835
23177355
23182270
23182271
23182272
23182273
23182274
23182543
23182544
23182545
23182546
23182548
23186170
23209240
23212580
23230330
23253320
23271948
23391799
23428527
23675596
23220832
23216786
23231731
23234643
23367517
23241685
23000023
23084344
23072894
23244493
23151511
23197835
23257640
23273169
22563784
22895162
22907174
22940732
22955502
23006744
23010430
23063745
23071137
23075922
23079772
23107230
23115262
23115298
23135935
23183308
23199266
23199270
23199272
23271364
23279232
23279233
23301113
23301114
23306065
23308142
23328633
23335123
23335965
23342173
23349831
23349865
23349900
23350001
23355904
23383354
23390535
23405087
23427665
23427666
23427674
23432077
23451170
23460918
23475938
23505512
23505591
23508434
23538496
23538501
23550204
23555728
23556030
23595041
23600250
23600876
23689897
23760611
23772574
23772575
23772578
23805485
23818842
23825950
23829053
23907941
23936795
23960254
23985165
24003508
24098122
24135158
24146634
24190075
24244168
24252959
24252965
24259310
24348259
24385901
24385937
24741909
24741910
26623321
23281896
23316486
23314875
23324387
23331872
22878540
22878542
22698088
22735791
22925936
22926421
22986299
23043871
23069260
23084365
23088884
23105025
23123345
23137173
23178758
23182864
23183165
23183973
23224087
23230293
23238243
23241970
23253042
23269454
23276749
23289394
23289398
23296446
23339787
23339917
23343524
23347529
23398404
23398406
23440128
23459099
23460988
23460995
23460996
23751470
24471257
23379718
23384159
23394970
23399027
23438747
22516306
22537833
22773070
22833099
22835476
22874746
22924442
22961007
23262214
23263964
23273677
23278475
23278812
23287400
23303504
23339197
23414774
23421885
23421889
23425801
23433021
23439290
23540123
23540128
23634597
23665715
23755525
23303543
23497681
24303287
23146170
23298566
20854933
21241829
21712103
23036316
23143840
23210448
23253908
23333106
23337491
23339970
23352172
23354701
23358638
23379399
23414797
23415850
23419865
23421894
23425244
23428091
23429887
23438767
23440444
23456489
23481111
23517690
23534364
23546404
23568904
23593012
23781760
23802236
23856733
23856734
23955860
23593519
23579784
23585900
23575112
23593179
23290118
23587235
23587324
23587366
23607288
23607428
22981041
23009943
23145974
23157927
23229491
23266334
23303373
23314124
23363571
23388398
23427945
23446216
23454588
23473218
23473225
23478316
23478577
23503305
23504970
23509125
23509140
23517577
23525074
23526822
23535905
23634938
23647883
23647926
23648147
23678256
23678257
23697386
23697545
23719520
23786117
23802452
23802459
23802461
23149483
23667479
23656648
23661760
23799383
23696915
23704428
23705666
23712166
22883690
23050728
23068450
23113940
23141416
23149015
23406008
23477290
23501057
23508761
23511303
23522936
23528989
23528990
23571115
23576542
23589529
23590323
23590326
23619288
23647393
23671034
23701629
23726053
23732449
23735173
23808094
23816506
23816508
23828002
23906140
23955885
23959500
24125623
24155447
23731951
23755311
23576788
23785455
23919713
23733960
23823081
23777784
23840485
23786850
23800282
23744038
23814035
23490559
23540584
23078522
23339855
23452253
23475646
23488453
23558133
23588850
23590318
23590321
23591484
23602788
23621111
23630955
23636309
23637292
23667233
23716403
23716407
23716411
23763913
23764167
23764295
23778233
23778615
23778619
23807431
23841762
23946479
24029193
24125937
24142166
24142167
24303567
24712278
25924278
23817701
23875178
23818602
23875177
23864553
23870197
23885337
23880573
23894656
23936565
23908971
23178999
23233083
23423423
23485263
23566936
23584755
23659352
23675818
23680539
23681021
23697771
23718904
23719839
23727805
23732256
23733469
23740722
23770905
23772074
23774841
23804710
23844658
23845310
23905733
23921743
23926142
23927410
23930973
23930974
23936576
24034636
24248107
23664994
23940746
23924682
23951381
23967363
23952975
23977321
24013349
24009783
22546844
23334948
23428204
23433646
23481028
23490256
23499481
23594588
23672808
23705586
23743023
23756849
23788593
23838022
23838023
23838470
23856472
23856508
23867362
23875820
23876278
23878183
23879258
24037288
24044755
24068927
24109142
24180114
24180118
24180121
24265937
24265938
24265939
24380098
24652243
24652244
24652247
24652248
24652254
24652260
29539448
24006922
24023963
24039725
24058903
24341500
24330462
24047079
24047080
24053607
24053615
23602362
23292176
23553260
23564597
23759724
23790982
23791848
23842049
23903543
23904352
23906981
23933013
24002486
24022658
24050379
24050756
24059916
24059918
24064639
24090889
24092850
24204251
24346407
24473870
24473877
24490315
24098543
24146951
24155949
24012123
24029580
24146844
24147043
23906808
24167608
24383453
23907060
24499619
24499627
23280084
23624621
23660513
23743544
23802876
23871280
23891643
23986574
24014528
24080157
24107204
24118378
24157965
24188709
24307851
24589105
24589106
24589107
24589108
24589109
24589110
24589111
24589112
24843940
24223136
23962826
24250820
24055106
24314770
24113261
24278458
24264310
24282596
24282621
24218580
25437336
24285646
24283328
24284912
23171418
23788590
23901084
23941262
23955974
23994335
24018180
24050934
24077701
24077705
24082070
24107206
24107211
24118111
24118386
24118435
24120274
24125079
24127015
24138512
24141087
24141091
24166036
24166040
24214960
24216442
24274783
24314427
24331642
24338316
24351659
24494003
24498505
24522141
24697073
24084474
