27902186
27914738
27974427
27986822
28012611
28055574
28055579
28057731
28082625
28093109
28122687
28195095
28216718
28403372
28405890
28423085
28538849
28600768
28642878
28652984
28854805
28971797
29318041
29415531
29536364
30695483
30721615
30821943
31014651
31014652
27726483
27890399
28049478
28052065
27795302
28056065
28056811
28060841
28060928
28068343
28069059
27799640
27920393
28191378
28086810
28095503
28118585
28118586
28155283
27357983
28118850
28180111
30755905
28129781
28115179
28155284
28096373
28141857
25906923
25916245
26876304
26976382
27299665
27417532
27510768
27546888
27618775
27696011
27697173
27788693
27828762
27841969
27849636
27859964
27871813
27878428
27880877
27905665
27908651
27908771
27908772
27913878
27918952
27922802
27923669
27939637
27983969
27990558
28011185
28026036
28028309
28028631
28048951
28064061
28089350
28097845
28131376
28255923
28319627
28449088
28152011
28153052
27890889
28160773
28229048
28232825
28193163
28195158
28261565
28202075
28491211
28222146
28241043
28241784
28241782
27628851
27731327
27773866
27939332
27986544
27986546
27992288
27992293
27993973
28011722
28012903
28026894
28027580
28031350
28031351
28044222
28063832
28089651
28109769
28110915
28111714
28115665
28131594
28143697
28169172
28244333
28248294
28248955
28248956
28284610
28284620
28291501
28299286
28333306
28531311
28559729
28816212
28257433
28259176
28260341
28262718
28264003
28321389
28266601
28267749
28267780
28270232
28241146
28274248
28282373
28285583
28285585
28285586
28285593
28285597
28286343
28348982
28289173
28291780
28031280
28288773
28361787
28398677
28298245
28303006
30755946
28378977
28378988
28340608
28355307
28358880
28424664
28302989
28368858
27935594
27966221
28011315
28036138
28055326
28055333
28072914
28077317
28082006
28087534
28115672
28118097
28122249
28130168
28135131
28151084
28156001
28159754
28181227
28322701
28417248
28504099
28658415
28748844
29177387
28381207
28439499
28400593
28403227
28405008
28407761
28407790
28503372
30270868
28403767
28412927
28419136
28419138
28420428
28426794
28427445
28438220
28503490
28377149
27614577
28011735
28028138
28073909
28153803
28173608
28201740
28202789
28213544
28261755
28299861
28399204
28438088
28479037
28500468
28500797
28500808
28566542
28700062
28713577
28763070
28948962
28973572
31014644
28529926
28497122
28490339
28553621
28504633
28332822
28542621
28526093
28542240
28582983
28250253
28250258
28536430
28545549
28545568
28410950
28557993
28558749
28569177
26773849
26783021
27680689
27697827
28188085
28214195
28223058
28238642
28268195
28274808
28289147
28365226
28401481
28410148
28411028
28411063
28412201
28412513
28426403
28433728
28433729
28433730
28457353
28457356
28457821
28457822
28479066
28483409
28504429
28504439
28518034
28570608
28603242
28605964
28620610
28673455
28749278
28749289
28764157
28577575
28582429
28533374
28587661
28638803
28594882
28642842
28601091
28609446
28592678
28615038
28617844
28623959
28633666
30270878
28645313
28645329
28650978
28662039
26842101
27804213
27882570
28103630
28330517
28359458
28359827
28399210
28399259
28399271
28455331
28471518
28502396
28505369
28526564
28544092
28558145
28585301
28593634
28628458
28694624
28699575
28719297
28719308
28854601
28854679
28928300
28680117
28725639
28735308
28698491
28700666
28697801
28334194
28446677
28529271
28723951
28775717
28732048
28738085
28742087
28742123
28724736
28750012
28751428
28751590
28754151
26799474
27090067
27282826
27988830
28370634
28408252
28427962
28464440
28505238
28506794
28513097
28539197
28598270
28601472
28640457
28648773
28655666
28678004
28717956
28722591
28726604
28726607
28726617
28726619
28726620
28750863
28750865
28750866
28770863
28799301
28805637
28829732
28911844
28969232
28764743
28815000
28824885
28606944
28667019
28784148
28848718
28797056
28798323
28800776
28806774
28815055
28829414
28810870
28814323
28861402
28821226
28823118
28832688
28835430
28841917
28875073
28807290
27863033
27997751
28097419
28162961
28408334
28435138
28480803
28535905
28543264
28618183
28626230
28630068
28653334
28705746
28722568
28722584
28722610
28739494
28743316
28821640
28821641
28831298
28856544
28857025
28862499
28888642
28957585
28979009
28979015
29114401
28929088
31085830
28874204
28579427
28886749
28892515
28892518
28781347
28878055
28878066
28904344
28710265
28922404
28926079
28928415
28930089
28931077
28945755
28947798
28858527
28951473
28959730
28957443
28962625
26344511
27090504
27786374
28477267
28629740
28657860
28668974
28690147
28709615
28762082
28774495
28776227
28776863
28799685
28805302
28820719
28869191
28872753
28875270
28882513
28887650
28902261
28915997
28930006
29021316
29044082
29044083
29065795
29331008
29460861
29460869
28991902
28969827
28969836
28505276
29038575
28905983
29042606
29047399
29049365
29053633
29066721
29084217
29089507
27551975
28169507
28189511
28303622
28342271
28540487
28601968
28682152
28789848
28807858
28820712
28821960
28870439
28905230
28934071
28986641
28988038
29022768
29029144
29048284
29048295
29050793
29093474
29093481
29140237
29150304
29177480
29188381
29254723
29099844
28633503
28981693
28981813
28981814
29078351
29116011
29121976
29143657
29143669
29132371
29132402
29132409
29132425
29145396
29146940
29150636
29155863
29155880
29114059
29162709
29209593
29169377
29178908
29176880
29179774
29234308
29184153
29238699
29080766
27026285
27995440
28548687
28585771
28752684
28770333
28902190
28939497
28940672
28977708
28988739
28993455
29037778
29042303
29069333
29071168
29103397
29122518
29124413
29125253
29127991
29141715
29148369
29148376
29148392
29173891
29178531
29189951
29243242
29378383
31014588
29216317
29216334
29231658
29232397
29173535
29246225
30270920
29032899
29258559
30270921
29259327
29262840
29276773
30274400
29282144
29297293
29099918
29287070
29287072
28573466
28702705
28708277
28859959
28860034
28913925
28939494
28977771
29017825
29037826
29042240
29050834
29054546
29054570
29055641
29084898
29089249
29099491
29102467
29103949
29107656
29109174
29111373
29141745
29141766
29157676
29165845
29178391
29179952
29186405
29197122
29197186
29297702
29303740
29321939
29367840
29372907
29375850
29380169
29394384
29567888
29584919
29633708
29641788
29735837
29760316
29805132
29845544
29846472
29916448
29916449
29940549
30165719
30247733
30250324
30285928
30394053
30720968
30776208
30785693
31014616
31014619
31095191
29095113
29298712
30274401
30274402
29300732
29301977
29310694
29310697
29249727
29279375
29374896
29376035
29021432
29279085
30274407
29346449
29351812
29404278
29358578
29361971
29370307
30274410
30274412
29329629
29382871
28351721
28606645
28882512
28890111
28935402
28943246
28958704
28958791
29047217
29076805
29079185
29126839
29150322
29150518
29171663
29174365
29183717
29195857
29258801
29258802
29269242
29284563
29287245
29290582
29313468
29319413
29350148
29350167
29351633
29380798
29390021
29418086
29435771
29456968
29410494
29432420
29497475
28886455
29426471
29453420
29515524
29466376
29471857
29471864
29291792
29045695
29186493
29202206
29272463
28427729
28752281
28799248
28815682
28835291
28906572
29063344
29194776
29202672
29250787
29258829
29274498
29284564
29307783
29336689
29363442
29371125
29373306
29374783
29396201
29398602
29398603
29398604
29415864
29422446
29426590
29433816
29433817
29477960
29483057
29483058
29494679
29500125
29501500
29502988
29519772
29556404
29580089
29593810
29617892
29723373
30228710
29506470
30274426
29248525
29520067
29608200
29522521
29523202
29523210
29530058
29330177
29668136
29696073
29069294
29526588
29542303
29558644
29554900
29554918
29554928
29554931
29554932
29554933
29554946
29554947
29554953
29554954
29554969
29554970
29558464
29558974
29558990
29558992
29561780
29491236
29491242
29568046
29467241
29351070
29579046
29581163
30274433
29587626
29563258
29590177
29593315
29631317
28856446
29034616
29119682
29119703
29155280
29161848
29197596
29198650
29200167
29214346
29215202
29217417
29261444
29306724
29327235
29355984
29358295
29358333
29363276
29386235
29390142
29399746
29436346
29453647
29516380
29553921
29579215
29615245
29651977
29659807
29846449
30017077
30280713
30280716
29618379
29850579
29686681
29634777
29636072
29641562
29641592
29649132
29649265
29650038
29653599
29439989
29713316
29664950
29670161
29673387
29677221
29689195
29690900
29774138
29643078
29694414
29698425
29998221
29702619
29657007
29657018
29760694
29855412
28786370
28939962
29280490
29358725
29499213
29503011
29530467
29530790
29541856
29545107
29548879
29549965
29550216
29551481
29567147
29577877
29584589
29589118
29596879
29606620
29610046
29619916
29622515
29625922
29636236
29656037
29664376
29664383
29664717
29668398
29692912
29692913
29692914
29695865
29745300
29771340
29776763
29794009
29851310
29851312
29876068
30477051
30477057
31014807
29720714
29723287
29725059
29635529
29730989
29733028
29734393
29686091
29742372
29751814
29523550
29762516
29796268
29868509
29776375
29776377
29776392
29776935
29788994
29789369
29789953
29791814
29801436
