32797213
33402225
33466308
33220685
33406151
33407096
33407758
33407798
33216144
33413518
33430422
32820808
33436431
33436999
33441087
33441735
33446262
33188003
33452445
33452796
33452797
33468215
33472659
33498380
33482743
33498714
33468006
33506813
33510192
33515117
33584729
33585280
33684931
32682632
32928497
32945029
32968841
33002324
33035476
33038482
33098988
33108676
33130214
33280264
33310022
33415399
33484388
33496241
33536643
33536644
33575421
33620038
33542272
33633731
33574726
33567793
33628413
33563818
33563832
33568213
33605381
33580178
33357050
33591971
33669463
33596200
33643699
33602136
33670581
33669499
33669573
33610188
33621492
33671750
35130729
33622746
33627171
33632312
33652620
32757238
33152525
33260091
33276122
33309595
33310079
33347789
33353761
33360385
33360805
33360921
33385938
33387687
33388556
33415400
33429219
33444751
33452588
33461099
33470507
33490646
33507381
33513402
33566387
33646482
33646973
33646978
33648322
33649467
33655451
33797538
33844841
33906994
33907001
35345080
35544158
33738293
33683351
33747981
33673864
33678176
33767683
33801932
33514519
33705437
33711035
33712007
33777873
33727398
33431703
33495273
33651604
33735183
33775067
33803616
33803682
33748920
33755584
33759917
33834007
32863353
32863354
33760987
33764469
33855055
33892579
33784301
33605997
33944761
32339445
32365268
32495216
32519810
33025063
33070212
33123758
33128345
33409632
33421678
33465349
33470211
33475465
33481673
33538356
33600263
33609991
33610785
33644932
33646378
33740731
33755004
33755006
33755546
33778915
33779896
33818768
33835059
34024367
34024371
34024372
34024398
34053497
34380797
35074944
35074948
33825800
33916759
33705517
33819179
33823932
33827669
33835943
31998942
31999822
33784388
33912163
33912170
34079651
33459777
33847843
33849868
33857149
33858908
33863772
33866448
33872325
33874985
33875732
34367456
33853946
33879316
33883266
33770162
33792663
33921917
33922459
33901004
33909832
33906628
34026533
33914733
33930290
33930291
33269795
32966705
33399931
33465662
33476400
33493073
33497885
33508536
33508537
33524939
33529986
33540276
33545505
33549977
33549978
33556777
33561429
33561680
33567236
33578256
33601954
33649963
33691465
33713348
33728990
33733878
33788020
33797610
33826009
33830363
33860867
33882275
33891225
33900186
33913852
33913853
33947218
33960531
33967286
34056878
34107715
33903242
33952661
33958367
33958611
33962655
33962669
34028446
34186946
33908603
33974702
33975935
33976301
34064818
33983936
34068132
33988703
33215205
33274379
33399212
33458776
33459790
33470412
33511396
33590859
33615347
34001256
34016173
34016174
34020585
34022939
34073765
34035378
34508431
34040152
34073568
34124229
34044867
34049499
34076044
34076060
34051756
34051820
34059539
34059765
32918501
32936461
32989737
33180256
33325576
33355067
33389546
33486127
33564174
33646062
33661033
33713627
33732952
33839778
33864876
33895462
33909190
33938009
34014151
34086908
34218605
34219771
34250769
34290955
34458071
35229576
34078417
34191568
34083540
35284894
33857432
34102127
34164457
33875547
34074773
34077527
34201013
33945798
34106924
34108021
33853965
34107180
34111210
34200825
33893109
35284883
34204809
34129613
34130635
34130708
34134753
34208514
34220756
34140472
34204285
33883180
34143770
34205547
34205734
34239915
34249780
34202443
34172444
34203236
34187542
34214261
34214274
34268130
34208806
34209060
32986912
33021711
33142046
33620135
33667830
33676201
33683831
33735790
33743472
33771726
33774481
33794350
33794351
33813285
33819743
33857748
33857749
33862243
33865177
33865179
33872636
33901440
33951977
33956091
33956519
33975003
33975193
33989945
34003557
34018413
34044127
34047357
34196842
34197460
34214027
34242991
34250186
34336228
34474788
32607585
34217365
34357986
34290699
34003269
34238975
34246293
34247634
34252087
34252106
34322535
34256806
34357923
34358050
33822117
34060898
34270770
34275443
34275459
34282149
34353424
34288947
34451378
34292940
34368012
34314434
34451405
34452330
34462691
34320039
34360274
34324610
34326415
34451417
35284882
34332568
33454808
33877729
33895143
33950539
33996441
34010063
34024289
34026483
34077691
34110943
34126152
34152527
34156702
34162522
34242071
34251516
34251570
34286684
34287128
34287134
34328572
34379235
34406842
34652401
34338946
34346878
34354122
34445146
34442272
34413891
34849818
34370699
34430208
34434910
34442279
34451469
34380679
34383852
34452021
34388986
34398891
34447840
33969876
34402970
34451507
34105984
34407756
34442312
34412700
34423779
34432800
34446060
34446081
34446082
34576710
34480177
34311584
34340535
34516408
34578146
33581169
33770340
33788777
33955029
33955696
34091278
34126403
34126404
34130146
34134063
34146685
34161869
34175736
34216802
34229999
34230000
34233062
34260988
34273392
34280696
34280698
34284322
34292377
34298125
34313556
34390609
34432178
34468309
34475664
34528136
34585890
34625198
35104082
34557350
33515451
33891701
34488624
34544126
34578178
33704487
34492017
34567077
35146341
34578213
34521455
34578217
34578218
34526545
34578232
34448854
34544047
34578253
34621258
34553290
34515306
34555085
34917838
34698275
34563127
34570262
34379518
34548405
34582467
34584163
34587171
34629398
33547531
33555369
33644814
34015229
34058913
34191633
34215476
34224721
34273308
34351459
34385006
34402109
34424993
34427664
34435254
34545782
34546169
34704919
34724766
34724768
34903935
35381817
35381821
35381826
34124995
32662513
32818961
34610810
34617515
34625049
34692809
34707621
34607949
34620712
34684255
34684256
34684266
34684267
34722706
34782490
34648517
34650106
34338549
34370510
34669282
34712573
34683486
34662860
34663445
34832510
34677126
34712390
34488458
34544283
34634928
34585963
34821769
34495683
34710095
34438106
34643449
34643451
34312980
34352531
34358513
34411793
34416566
34438095
34448371
34461396
34464019
34492433
34520993
34520994
34546439
34592675
34595519
34626905
34666103
34670700
34712765
34725401
34764763
34865032
34873539
34739391
34734759
34832584
34832589
34007993
34289040
34448004
34596685
34820166
34842856
34858931
35284860
34832637
34325318
34831751
34491789
34784947
34825655
34841008
34881320
34813226
34823477
34823480
34823581
34824354
33422297
34838023
34838119
34843477
34843593
34959511
33446064
33506332
33660592
33851237
33882628
33993424
34018150
34109905
34121002
34141849
34180074
34223707
34229954
34303627
34334302
34379883
34391635
34420007
34432610
34591210
34596262
34597443
34642107
34642800
34660192
34708287
34725868
34755855
34819638
34875869
34879943
34879960
34913864
34958266
34860833
34617112
34871301
34876034
34580706
34880034
34959550
34890017
34910018
34925753
34906084
34906141
34612500
34941861
34928947
34929671
34929672
34959598
34981727
34749528
34872352
34903056
34935429
35055852
35062669
34949167
34949216
35055864
34951405
35056484
34969947
34389828
34532954
34535588
34548672
34598098
34610526
34624588
34656046
34670190
34688633
34689003
34732342
34739931
34763583
34773849
34775293
34781173
34798528
34798529
34800866
34814065
34814173
34816415
34843992
34861101
34864337
34914021
34914061
34933167
35006065
35030047
35066589
35078787
35089276
35172009
35184779
35184783
35263931
35370251
35708399
35766733
35861542
36083445
36476840
36589874
36617400
36657121
33462624
34791181
35019026
35071375
34662426
34996376
34996906
35013476
35015769
34665223
35055035
35056037
35030199
35051127
35155275
35111141
35169573
35162074
35198303
35057826
35215063
35064115
35127567
35215074
35208700
35073309
35075555
35154030
35215108
35155277
34655721
35100242
33969432
34253453
34363004
34499325
34725749
34766443
34919951
34953157
34953974
34954414
34973586
35024989
35067743
35076372
35076373
35076374
35114958
35120135
35132164
35211533
35157723
34864906
35171943
35177639
35029964
35183241
35202227
35073749
35192671
35193661
35196357
35209944
34919808
35239843
35299761
32757495
33534959
33667026
34455608
34462848
34724326
34792280
34894522
34894523
34929604
34942561
34953052
34958171
34958248
35092614
35115648
35124068
35124699
35183553
35187878
35212871
35251878
35310843
35388247
35330765
35293560
34990822
35014614
35369485
35108076
34470970
35134330
34076536
34980488
34998998
35006317
35039200
35108612
35164614
35228159
35464383
35390092
35416862
35479068
35521555
35494515
35531301
35547116
35573006
33686775
33881802
34455644
35064627
35114560
35115187
35121228
35124334
35157843
35196607
35220061
35227947
35245854
35431064
35529481
35592653
32644651
35587930
35991722
35719343
35648978
35711652
34525260
34846757
34996709
35024890
35064530
35083655
35107775
35112745
35142079
35770179
35729906
35812423
35814684
35767753
33403565
34096687
34125999
34331835
34436640
34487635
34529897
34738325
34792293
35181953
32809749
35793374
35873163
35898544
28613631
35919868
35923389
28613765
35959365
35895627
35966652
34850518
35288032
28613685
28846313
30020713
35996752
36033893
36037217
36040904
34981906
35190932
36048788
36147860
36160204
36117539
36134865
36169529
36211956
36169507
33719856
35019223
