29801512
29806079
29807401
29843598
29843764
29852003
29855331
29315729
29319583
29336504
29406569
29428509
29429122
29474831
29545159
29569154
29573202
29581194
29581196
29626656
29637877
29653201
29664701
29676724
29679202
29683400
29691935
29706479
29722798
29757522
29774838
29774863
29910483
29966177
29996633
29996637
30023157
30085857
30223986
30242799
30245046
30450885
31331135
29779872
29864164
29870549
29973957
29874223
29891919
30274459
29898769
29907187
29925679
29861133
29902410
29914548
29915240
29967748
29654675
29946049
30013530
29490069
29506103
29954410
30050361
29363888
29468305
29547359
29654732
29678402
29678403
29685474
29701280
29703549
29704268
29720706
29730381
29733258
29748120
29754986
29764730
29777337
29778634
29793771
29843834
29846442
29846852
29848404
29859884
29912688
29922470
29947761
30046071
30137929
30184002
30228771
30429398
30618452
29975692
30274470
29979764
29625205
29996782
30050533
30006543
29913250
30011267
30020933
29709963
29709988
30044980
30051873
30059498
30061607
30061694
30064470
28620748
28879600
28980839
29160361
29162422
29287988
29333583
29383651
29603499
29664700
29668040
29736763
29769278
29777926
29792944
29802869
29869598
29869607
29916800
29943707
29943715
29957332
29968555
29988825
30006110
30014833
30016241
30060285
30073430
30114881
30116923
30145407
30196669
30315955
30380317
30381545
30483373
31014863
31014869
31014871
31014872
31014877
30067932
30123779
30075738
30080899
30057173
30092823
29173984
30102734
30103809
30104608
30110391
30119642
30134848
30148833
30148847
29771344
29901734
30157257
30161131
30214896
29492770
29516174
29649461
29653174
29653422
29702243
29851149
29852293
29880910
29893631
29908171
29948363
29950416
29958827
29960871
29968550
29983263
29988839
30017724
30025798
30035711
30035807
30055987
30060072
30060959
30064965
30069620
30097348
30098931
30100386
30100387
30121164
30124190
30124418
30150426
30207272
30207275
30212329
30307638
30176908
30176918
30233599
30188519
30190541
30106293
30200947
30204754
30181274
30235210
29848847
30242261
30248931
30249284
30101828
30258200
30261054
28803406
29566306
29709692
29740781
29742650
29897842
29980888
29981933
30012728
30016222
30053605
30058030
30062981
30063189
30063976
30107579
30130536
30139305
30193778
30264318
30275487
30302627
30306888
30405280
30419740
30462822
30510318
30522428
30726430
30997885
30997886
30279260
30279400
30285898
30286076
30326715
30305166
30329003
30321239
30328571
30337547
30190331
29982731
30355331
29982649
30020499
30085216
30085290
30137427
30165658
30366455
30379820
29462726
29465481
29486240
29501703
29746378
29800723
29969382
30012470
30016223
30056075
30066107
30078071
30096017
30114479
30137308
30150470
30152119
30178195
30195006
30226138
30267770
30311871
30312734
30314776
30316918
30317459
30334709
30334710
30334711
30334715
30334722
30334725
30353471
30389039
30402238
30402241
30419355
30621821
30400987
30404620
30408047
30419024
30419951
30422992
30428923
30428925
30440032
30458847
30470176
30470177
30470185
30470187
30470190
30470196
30533417
30475889
30478364
30538677
30482899
30498246
30501091
29272545
29932497
29959093
29960083
29972600
29989657
30025503
30072088
30092356
30129891
30129908
30133168
30157416
30187651
30217505
30217516
30219893
30239661
30248463
30256034
30278280
30282787
30298801
30307387
30311675
30318847
30370217
30396493
30398619
30443697
30451192
30457537
30502860
30502866
30513762
30537329
30630276
30630280
30653868
30683169
31014716
31014719
31014724
31014734
30449670
30567173
30514235
30514355
30514847
30534598
30521561
30222963
30584604
30538218
30541614
30545379
30545384
30592905
30032285
30124918
30558678
30559335
30563470
30367760
30583743
30583749
30586381
30586406
30587225
30592745
30594148
30596784
31489178
29370564
29858982
29931623
29934796
30102850
30150735
30154059
30197267
30197269
30206012
30230270
30243567
30244151
30245088
30266504
30295746
30297526
30315767
30360694
30377795
30383917
30385074
30411368
30414119
30421349
30427523
30456532
30462820
30478537
30499189
30539351
30593344
30596181
30606424
30622709
30637653
30644356
30649634
30726485
30729921
30747079
30775888
30866787
30898074
30903777
30929932
30929935
30943150
30958100
31200408
31233387
31237478
31424010
31424021
31610108
31951339
32237701
33015353
30559180
30602718
30606222
30606253
30616666
30616670
30295826
30620733
30687724
30459180
30643680
30687302
30635303
30635006
30640905
30503908
30646951
30650347
30656500
30595344
30665414
30617067
30670048
30673770
30148688
30691029
30691522
30746341
30696916
30316923
28704990
29729935
30148695
30391314
30391326
30396898
30426159
30442571
30448253
30455057
30455197
30466964
30466965
30470470
30482513
30501980
30501981
30503892
30503893
30515855
30551145
30560519
30583288
30611725
30629162
30638625
30656468
30672502
30673989
30711043
30727038
30734694
30771038
30795827
30805817
30807720
30840799
30718604
30778355
30638962
30727958
30728409
30448462
30728069
30729319
30629155
30765826
30020447
30863136
30782137
30796068
30810651
30679245
30855571
30304529
30312440
30789345
30802243
30723148
30813886
30863381
30818326
30819117
30830888
30891514
30246665
30390316
30468769
30484879
30526730
30552191
30559222
30582922
30604457
30615856
30624796
30639470
30656410
30671773
30675849
30685209
30693380
30711907
30712763
30715337
30734652
30805816
30824501
30869785
30878078
30923988
30950399
30953430
31013005
31041272
31103437
33597446
30837458
30840713
30895174
30855745
30850675
30857242
30864621
30862835
30867321
30730745
30933079
30870409
30884896
30884919
30937288
30889213
30889229
30941110
30893296
31143363
30496431
30535231
30976518
30902110
30381676
30529423
30909868
30914905
31019815
30909941
30909949
30909955
30909964
30909972
30914515
30926896
31346530
31346538
29447357
29800384
29897678
30105505
30139962
30144135
30151669
30194484
30320912
30328790
30343521
30374735
30458297
30583042
30622893
30642897
30668787
30677616
30682550
30709658
30709660
30711437
30714238
30735640
30761983
30762513
30773320
30777731
30819609
30833198
30833200
30876825
30878569
30882330
30902188
30910251
30949677
30961819
30985762
31027602
31104408
31104409
31130126
31184023
31264637
31397383
30940200
30668658
30948469
30107504
30958857
31024862
31093308
31643371
30975188
30976027
31013749
31205836
31499610
30566570
30615168
30991952
30999960
31002720
31024030
31037564
30239169
30327827
30540546
30627761
30663864
30708172
30762095
30762295
30807733
30831114
30860022
30915508
30915946
30969821
30973071
31002047
31002060
31002063
31002073
31101391
31115477
31046822
31053085
31053177
31130872
31060581
31067231
31068442
31087879
31134081
31088506
31100967
31101084
31107912
31499668
30700657
30700658
31120035
31120042
31125348
31499687
31142009
31191350
31145746
30890683
29094498
30311439
30516832
30708135
30716462
30746741
30835200
30898613
30904539
30914397
30930114
30938281
30940413
30941647
30952580
30958712
30991220
30992179
31000483
31001816
31002861
31002931
31006611
31010732
31014939
31023629
31029698
31056486
31080140
31107234
31119415
31122685
31174695
31176406
31176411
31179564
31205043
31205239
31238733
31274094
31358201
31397213
31496523
31496533
31159843
31214605
31231481
31188917
31188943
31083952
31174466
31174587
31186033
31186318
31196180
31291731
31499724
31232050
31216274
31222094
31074963
31234774
31234913
31234915
31235752
31238839
31242186
31247976
31700846
30889242
31248443
31253201
31253202
30474731
30590546
30779681
30798391
30904436
30920159
30924170
30961995
30972588
30995436
31087695
31094313
31096051
31108786
31112094
31127669
31128084
31134711
31161558
31165944
31175472
31203977
31232769
31270640
31330301
31346439
31374162
32003348
31269975
31276519
31698562
30991073
31283768
31360559
31288833
31288866
31360728
31291242
31291256
31292479
30918201
31076433
31306422
31248684
31323076
31311477
31340757
31340862
31345253
31349809
31351474
31358040
29286204
30029581
30615589
30684683
30859717
30912316
30969028
30991112
31021302
31092581
31106722
31109835
31126748
31130039
31151921
31151922
31162015
31171465
31176069
31176662
31176663
31176664
31201126
31202621
31202622
31209913
31213411
31215144
31219004
31227544
31247412
31268225
31300097
31300125
31300132
31316207
31348717
31369548
31390434
31393207
31442067
31442068
31670277
33447371
31428069
30989174
31381563
31395073
31416478
31417112
30611532
31419222
31434963
31438510
31462211
31465452
31470673
31432763
31469838
31469878
28650718
30835649
30839128
30939106
30942664
31002845
31023532
31073215
31106678
31134290
31158343
31182796
31185223
31214820
31229468
31334887
31375435
31375956
31396760
31441748
31472723
31473450
31489558
31530346
33597497
31477173
31008514
31049584
31481018
31565105
31487899
31490924
31492171
31495336
31500667
31504075
31506314
31510926
31511038
31511528
31515347
30535175
31155384
31520000
31540253
31530679
31533745
31539395
31720221
31413191
31557808
31558627
31568480
31568486
31793429
28614137
30928146
31112469
31135286
31182246
31182251
