24144475
24340120
24324814
24367359
24326096
24330631
24349502
24330701
24148826
24299540
24359556
24376534
23992795
23992798
23998429
24021884
24176254
24380581
23783766
23866958
24079981
24136211
24162569
24162580
24164708
24221888
24226290
24226919
24242251
24247133
24249027
24252768
24297814
24318928
24337107
24337178
24346601
24355929
24359419
24359423
24365290
24365428
24451102
24596970
24603745
24605461
24605469
24605473
24605480
24642123
24647253
24647254
24647257
24684037
24685046
24745148
24800649
24877080
24895629
24964665
24988165
25003154
25017984
25033668
25172281
25368078
25399372
25528899
25528909
25706424
25715493
25812385
24387674
24361066
24401487
24403381
24596555
25364572
25373153
24443332
24466066
24450836
24465416
24498445
24315693
24378068
24484637
24498078
21664598
23611429
23719481
23790098
24164319
24201056
24201057
24246709
24296498
24307390
24330198
24333918
24345405
24363017
24369375
24387805
24461392
24463012
24472200
24485324
24528095
24528097
24550643
24581687
24605342
24740776
24488176
24495395
24498437
24505307
24507453
24533099
24551251
24558391
24612569
24757508
24587459
24586875
24707436
24586126
23770268
24126603
24189581
24231270
24241712
24246707
24252263
24252265
24268946
24321542
24342052
24343914
24345313
24355764
24361181
24363181
24371248
24375128
24378078
24378080
24418761
24419477
24424312
24445200
24445202
24445204
24480589
24508323
24517918
24553080
24564928
24565170
24565262
24565414
24565448
24576218
24603998
24635952
24648812
24728356
24783459
24961137
24968670
24968681
26204016
24598598
24734213
24608654
24614778
24618575
24497633
24530039
24632746
24502878
24672512
24500167
24655431
24661311
24667065
24670154
24568185
24679245
24685011
24152719
24252486
24254373
24281548
24329998
24334402
24352572
24467705
24484966
24491580
24506421
24507434
24512760
24582511
24582513
24604443
24612968
24630621
24637068
24655579
24689680
24689833
24689928
24714968
24763092
24823524
24850971
24868903
24693971
24694049
24695238
24695239
24699849
24772084
24714653
24721932
24722673
24582636
24725301
24733187
24316449
24606864
24742108
24751137
24755560
24755844
24759922
24759973
24759987
24763283
24763584
24356921
24513450
24565850
24579829
24594301
24600010
24602324
24615133
24673824
24742846
24745728
24745766
24746012
24746145
24750488
24750663
24751287
24781911
24897859
24897864
24995203
25033872
25054603
25059374
25188935
26038740
24948931
24821918
24885466
24885505
24885509
24799707
24853391
24886497
24491396
24878588
24886589
24001524
24286496
24376092
24395812
24597657
24614604
24622106
24657860
24661931
24671792
24685441
24686067
24690191
24704311
24713279
24721205
24727277
24727388
24728556
24745731
24819964
24820571
24820578
24831608
24848684
24852264
24855911
24857681
24866558
24883200
25146215
24901418
24902636
24905191
24911315
24911519
24926801
24927809
24630708
24938647
24941309
24945631
24950252
24966208
24002991
24373187
24549632
24557641
24627993
24662440
24717413
24732463
24737886
24747889
24778194
24779462
24866325
24915446
24918658
24935448
24941391
24973323
24978651
24984562
25008815
25027497
25046729
25097365
25118419
25118420
25118421
25154109
25252425
25271448
24988478
25072029
25072045
25005355
25010200
25010338
25011617
25023709
24982177
25041943
25054227
25057802
25059861
25073644
25120960
25073875
25079964
24319060
24500618
24612118
24682865
24698498
24699771
24779891
24865688
24899023
24924907
24970702
25061919
25062435
25072984
25072985
25072989
25076014
25084969
25103667
25136187
25171611
25171613
25182613
25089898
24894131
25101999
25103769
25105893
25111239
25121762
25122501
25127547
25127720
25141000
25144529
25114252
25159222
25165813
25166298
25210660
24912954
24953751
25171252
25242952
24789726
24829214
24838078
24846600
24877977
24907186
24908548
24914001
24915874
24931130
24935947
24950854
24957537
24957541
24973275
24974092
24974378
24984056
25008904
25056251
25092819
25128140
25148391
25229707
25253218
25253220
25262433
25324688
25382469
25417518
25417519
25672141
25182324
25685942
25010827
25043277
25184624
25187984
25189579
25203839
25211492
25686301
25027609
25228147
25228371
25124446
25230723
25232722
25232837
25233341
25233844
25245895
25248165
25254971
25286971
25259930
25259959
25266919
24067794
24171650
24272923
24458589
24787986
24788211
24806619
24848130
24909063
24929215
25024014
25024370
25027232
25047847
25075540
25077993
25078908
25090976
25090977
25092818
25098301
25108778
25108779
25108780
25108783
25108786
25108789
25111740
25113979
25113981
25113982
25113983
25113987
25113989
25121407
25127158
25127160
25127161
25129860
25131152
25132534
25132535
25155340
25156506
25158106
25231591
25249342
25259690
25271441
25271737
25271771
25272139
25272251
25290923
25297022
25325312
25325316
25352699
25417905
25478386
25491455
25491456
25491523
25517525
25517530
25082876
25283608
25287420
25299702
25213230
25213231
25303515
25311369
25260335
25329055
25331818
25341639
25347417
25358853
24738852
24781809
24853542
25037159
25108053
25109770
25119441
25143580
25155417
25187638
25187639
25200258
25242696
25251025
25253616
25274547
25312718
25354059
25409274
25523223
25579153
25739293
26309306
26309313
26309321
26309324
25365330
25377719
25685864
25501172
24813786
24903665
25305312
25400116
25405506
25406413
25412248
25412503
25413694
24780317
25425236
25433394
24428638
24612104
24650112
24797695
24810381
25052143
25062354
25108130
25217020
25219763
25229617
25266347
25287920
25298245
25300665
25331804
25349376
25417645
25418685
25447725
25453243
25458492
25520947
25540956
25593788
25758581
25776603
25856898
26259416
26259434
25441762
25465046
25465390
25474676
25477419
25479289
25780502
25487348
25499826
25502564
25496002
25510419
25515563
25521619
25527099
25528582
25533148
25542001
25112312
25512495
25091123
25158857
25168200
25273064
25278497
25297658
25298315
25342575
25358242
25455075
25482270
25494536
25530231
25560004
25565883
25567228
25629776
25629777
25714655
25739483
25755888
25811041
25860458
25862443
25865193
25874305
25909249
25909250
25909253
25909257
25971318
26040618
26233091
26233093
26336286
26403103
26403104
26403105
26403115
26488275
26568991
26647983
26706969
26707663
26783214
26904743
25561342
25568272
25569562
25589064
25589174
25607846
25609566
25611587
25616567
25622966
25514207
25579393
25591406
25688336
24618033
24990203
25059495
25146840
25224730
25257849
25262832
25336385
25355903
25438799
25452279
25461654
25481711
25498244
25617190
25617194
25619250
25625228
25625312
25625653
25625886
25658559
25700040
25700042
25700048
25700049
25900962
26470122
25692099
25649069
25649218
25658707
25659152
25520356
25889961
25668031
25668183
25671520
25671568
25675099
25689778
25597943
25692519
25889376
25889739
25889906
25880387
25706392
25706947
25710494
25560923
24619863
24789572
24871104
25270001
25293534
25446172
25454606
25467070
25468763
25468764
25481346
25511457
25541519
25544308
25547795
25548377
25550150
25563918
25575441
25583345
25595772
25633265
25646263
25677805
25695155
25695614
25695615
25695758
25702622
25707787
25708788
25711458
25776536
25793474
25830998
25923891
26336308
26336309
27047089
25739023
25738687
25767219
25768004
25768841
25781160
25781930
25787763
25793966
25884521
25889985
25884425
25889200
25889750
25889893
25809075
25807173
26018824
25812130
25815810
25826386
25827414
25888490
24347564
25017971
25308709
25385549
25448128
25499047
25548900
25552462
25577986
25596149
25644009
25645184
25650348
25661650
25667056
25682494
25682495
25682496
25687303
25732914
25748051
25764472
25769386
25773931
25800099
25802034
25811219
25838178
25876145
25897814
26011983
26083691
26112842
26933778
27509682
25849718
25849812
25849993
25886403
25875485
25537873
25954738
25905888
25906062
25903749
25909586
25973418
25923352
25769472
25540454
25710364
25721255
25776744
25778504
25795527
25802430
25802432
25823954
25835103
25847197
25886872
25948567
25964152
25988437
25988442
26334827
26388345
26470442
25933928
25951937
25963738
25970681
25770893
25980768
25981386
25996492
25904667
26000454
26013922
25858115
25431989
25556513
25565180
25586311
25680230
25683566
25735816
25772521
25784070
25833288
25833289
25865033
25867940
25869035
25881916
25892247
25914139
25943785
25956636
25957920
25957922
25985719
25985721
25989279
25999228
26047199
26119551
26244587
26313964
26336689
26470269
26691251
26691268
26039603
26043771
26047139
25813874
26055661
26062723
25899079
26078373
26079491
26090319
26086337
26108374
26115104
26121655
25983231
26056256
25575310
25613091
25626393
25669216
25749661
25770773
25784072
25843569
25845868
25870428
25884911
25910992
25916990
25921489
25924762
25932669
25934616
25958197
26013915
26051210
26051887
26065623
26068348
26069228
26070722
26075359
26096852
26110714
26130134
26130947
26132467
26179101
26186512
26281444
26291145
26335476
26413074
26455373
26470431
26554228
26720964
26154300
26158273
26161793
26172158
26172536
26186429
26186700
26204449
26207382
26207834
26205515
26215592
26104965
26223226
