25483025
25681033
25867285
25899011
25899523
25991706
26004817
26025805
26054615
26055741
26117444
26152408
26152413
26190452
26196587
26231851
26354218
26470291
26601456
26601458
26601484
26241853
26261776
26051478
26244337
26244782
26252474
26254486
26287231
26274584
26322277
25948064
26048932
25870270
26291077
26291822
26295700
26317517
26317624
26322516
25537628
25796396
26011701
26096853
26100492
26111122
26135877
26139612
26141751
26150447
26150449
26159797
26183310
26187418
26188998
26189661
26210090
26219233
26232933
26234571
26289952
26318263
26333334
26333728
26336213
26336223
26336226
26336232
26378972
26378973
26407434
26418658
26433656
26435145
26630793
26695213
27047211
26332127
26220534
26340562
26350613
26352829
25737562
26375033
26383238
26385192
26344089
26394396
26398775
26403456
26414283
26088935
26096752
26210950
26420543
25618174
25873582
25947226
26016589
26019119
26094960
26105087
26142572
26157152
26160679
26170417
26209411
26210496
26227842
26291089
26297854
26338146
26387062
26393476
26394065
26402378
26402580
26428085
26457434
26537046
26648009
26732926
26837364
27491171
26430734
26438427
26438311
26445916
26449360
26467109
26471191
26492265
26486858
26492411
26497146
26510523
26517487
25643912
25848874
25903547
25979600
25996657
26130479
26152799
26241724
26259814
26289162
26294045
26301521
26344601
26344602
26344605
26346451
26346455
26354819
26369714
26383013
26384814
26392158
26407645
26408401
26410254
26414611
26423020
26428857
26428858
26428859
26432518
26432519
26432946
26438572
26453817
26473432
26499484
26531037
26537775
26565771
26565937
26602337
26697535
26528784
26530384
26556361
26544981
26556278
26559510
26561849
26586365
26599337
26798263
26618776
26096626
26198784
26301512
26371067
26394545
26407882
26408585
26408601
26416115
26424601
26428255
26431688
26431964
26453241
26458778
26464056
26471201
26519448
26542076
26584361
26598651
26598652
26610686
26611956
26611960
26611982
26616656
26616661
26626287
26627243
26627473
26631376
26676317
26684526
26700089
26771319
26797447
26809916
26865823
26904440
27032252
27055293
31018407
31018411
26646013
26650541
26652857
26653035
26255094
26666827
26667400
26679185
26691135
26782434
26709826
26711765
26712203
26227797
26324732
26376661
26383515
26400107
26401029
26427709
26438032
26491176
26491185
26494821
26494822
26503270
26540334
26560068
26576934
26585301
26598574
26610407
26612395
26621561
26674010
26680308
26728821
26734888
26771218
26771425
26771652
26855259
27004451
27007527
27025487
27027549
27074326
27074327
27074329
27076151
27135846
27262951
27340613
27492563
27522835
27610385
27614472
27723618
27723622
27883378
28053795
28074180
28151609
32636574
26728197
26731731
26839738
26745630
26746715
26751816
26755154
26765951
26567303
26771308
26771654
26790735
26782934
26791781
26806463
26809119
27757247
26817445
26818097
26821179
26801597
25680735
26289115
26318262
26318264
26348980
26381444
26381539
26482948
26482949
26492823
26507182
26507653
26515058
26515060
26530982
26548557
26565929
26565930
26613759
26621564
26656118
26711522
26718940
26741364
26771283
26789730
26808054
26811875
26811941
26832670
26851594
26870722
26951985
26999387
26999394
27730787
26831147
26840398
26841025
26856261
26862076
26860982
26904518
26866478
26912842
26891349
26896674
26901622
27622624
26911835
28491415
26081117
26119003
26130192
26467462
26477038
26531251
26559010
26573516
26576936
26581374
26596894
26613663
26615872
26617397
26627444
26643497
26645855
26646396
26700195
26711515
26711674
26718068
26718986
26721865
26721866
26724737
26724898
26726806
26726807
26739030
26739031
26744464
26747442
26748871
26776329
26824189
26824725
26829905
26888206
26913369
26915691
26919143
26933267
26939104
26963018
26973816
27078648
27197438
27731554
26935205
26943125
26954675
26968160
27014641
26984538
26989241
26990981
26996237
26999518
27004557
27004834
27010457
27031460
27036324
25394184
25828398
26352324
26412633
26678796
26724989
26755162
26765523
26775021
26778486
26782931
26797395
26818674
26826974
26830273
26833325
26837860
26846713
26856916
26870937
26873811
26874669
26895674
26900673
26943350
26974185
27012917
27035832
27037587
27086148
27127345
27188749
27019326
26873314
27050192
27064788
27148492
27078260
27089431
27090756
27092553
27095842
27103706
27025227
27115378
27115492
27117813
27199899
27124663
27126028
27126029
26423782
26627545
26744465
26794232
26819330
26846216
26847630
26872274
26901499
26926946
26932580
26975992
27003378
27004796
27008102
27021523
27033416
27076356
27088220
27088367
27088502
27089171
27089251
27188362
27198214
27437216
27885295
27989050
30695457
27151067
27160085
27160284
27160725
27160767
27160839
27161003
27161452
27163791
27169486
27172113
26994075
27183820
27019406
27195943
27206371
27207258
27350908
27225098
27229471
27233666
27234215
26906926
27243367
27303657
26716728
26724380
26792075
26837859
26851433
26859724
26920921
26943995
26945560
26977591
26993325
26994084
26994086
26999590
27005452
27008880
27022147
27033949
27045038
27053675
27060744
27068930
27119261
27135624
27142117
27192498
27232123
27248711
27251148
27260814
27265472
27337487
27383315
27417080
27417081
27417085
27677378
27929573
31014497
31014503
27189996
27258532
27260942
27267358
27267467
27270667
27276663
27156023
27338482
27375581
27287539
27291078
27334817
27304213
27317101
27329450
27334439
27335421
27357128
26645342
27362650
27362709
27365345
26277351
26519136
26655686
26817467
26897395
26899636
26905298
26921773
26934997
26961274
26965788
26976703
26976704
26995323
26997548
27012719
27020736
27034192
27038248
27041341
27062448
27084673
27097347
27106932
27113102
27117680
27130537
27131413
27132516
27132518
27133163
27146681
27146901
27150590
27150592
27155905
27159039
27166277
27177475
27180202
27189302
27215620
27228133
27230435
27236582
27266811
27270190
27279628
27282078
27317512
27318438
27364935
27365155
27378408
27514949
27580393
27681542
27681553
27834339
28811035
27368698
27380349
27380351
27381289
27381293
27139447
27139448
27139451
27194801
27387337
27416029
27270389
27822541
27446530
27425412
26370425
26370429
27442517
27516971
27459519
27472555
27474020
27525249
26882265
26991800
26995349
27040715
27109775
27122079
27142027
27143604
27199034
27217049
27235428
27238430
27273750
27282489
27301742
27307105
27375211
27433834
27434653
27477510
27478327
27479050
27479297
27479584
27488618
27508322
27618917
27726780
27482714
27215300
27273642
27273647
27296391
27352876
27540378
27539343
30270855
27514903
27531003
27532208
30270856
27537367
27548618
27553785
27561965
27610355
27563725
27565956
27523941
27608502
28348768
27477576
25908022
26122549
26953603
27130322
27164834
27180603
27237947
27279553
27282816
27283085
27327629
27342560
27393640
27394441
27404664
27423737
27454144
27532491
27551431
27570152
27651533
27812650
27812666
28471602
31014532
27595920
27325804
27602663
27602667
27606708
27611575
27498563
27623259
27623998
27624315
27692338
27474738
27703927
27357993
27713867
27662479
27747194
26726019
27097518
27122479
27144810
27217229
27296468
27325400
27338183
27392739
27400719
27406395
27411938
27416728
27424272
27426437
27426438
27429138
27430272
27430966
27430967
27440400
27440819
27460902
27468908
27473853
27474720
27479026
27479929
27480409
27521265
27522945
27554852
27567111
27588381
27592064
27592065
27596624
27612925
27613206
27616774
27622976
27623402
27633921
27638113
27639932
27639933
27641952
27642144
27648639
27648844
27676348
27707682
27707863
27734242
27759758
27847418
27925056
27925061
27929218
28035112
28256470
27402519
27527624
27573633
27706159
27706171
27716337
27758794
27713560
27727237
27729642
27543297
27734894
27737634
27738153
27741322
27809964
27799921
27752109
27760142
27760540
27765073
27768890
27768689
27811722
27795477
27230747
27271884
27394145
27461113
27473178
27480099
27506201
27515668
27521760
27535678
27539151
27541856
27582280
27631765
27655913
27692043
27753778
27756651
27757920
27767909
27767913
27767921
27802941
27810200
27861477
27886863
27956767
27645781
27808208
27809928
27812090
27819272
27825343
27827425
27832582
27834404
27625415
27846275
27855218
29056742
27863487
27869790
27869792
27871295
27875529
27876073
27881553
27880753
27884170
27884197
27887623
27893736
27894280
25556044
25660960
25807955
26920002
27271975
27307072
27380385
27438898
27442796
27461737
27538532
27591564
27594512
27620720
27638476
27677425
27698019
27702765
27784636
27787203
27787221
27787614
27812829
27818498
27831765
27860010
27865263
27869588
27876614
27892855
27902358
28028089
28474626
28474627
28616481
31014529
33579062
28292166
27928094
27934910
27973604
27742680
27871450
27977689
27978844
27982076
27791069
28000601
28000604
28066397
28008852
27930295
27456776
28036394
27059055
27353950
27411364
27411365
27666778
27682202
27686386
27693484
27720381
27720382
27729288
27744637
27745888
27748992
27769655
27773826
27789159
27793612
27802919
27807696
27812828
27821433
27825659
27825733
27852813
27862998
27875108
