
26843401
26895879
26987564
27104338
27126261
27180823
27261924
27289389
27289390
27307460
27320172
27329197
27350659
27382018
27409330
27430220
27452428
27459516
27513386
27542129
27660878
27703536
27980376
30226949
27576537
27583686
28357377
27603015
27606424
27314179
27614611
27623210
27631978
27703564
27636704
27654497
27658027
27676175
27677792
26384942
26394998
26429895
26706392
26706394
26945591
27147267
27430273
27472980
27497595
27497657
27511901
27513890
27516227
27534801
27573578
27620201
27626187
27631353
27631354
27694561
27752891
27958189
28112332
28112333
28636866
28723470
27695076
27795880
27706174
27722490
27774439
27724878
27754314
27754466
27803864
27783757
27783678
27784280
26446138
26977087
27062399
27436813
27480977
27501926
27561417
27585214
27596147
27600502
27734269
27738813
27764650
27765581
27767927
27773503
27773509
27776813
27788979
27811461
27893595
27893596
27929243
28201690
30208367
27809795
27812208
27572098
27861521
27871264
27881530
27892938
26511655
26538551
26538552
26672002
26888660
27083192
27142891
27288416
27402054
27701927
27771470
27779096
27784728
27804991
27810130
27817999
27820670
27830198
27835626
27838487
27852877
27859689
27859690
27997089
28146186
27914477
27931519
27965446
27738051
28293360
28006003
28030602
36494989
27068255
27282422
27418355
27567124
27605103
27629896
27638011
27689353
27709575
27795343
27898565
27898567
27981386
27981387
27986766
28007229
28087650
28115359
28140605
28280796
28303813
28303822
28442805
28443807
28459057
28529959
28600759
28638824
28798890
28883273
28948060
28980570
29236386
29259388
29318147
29391959
27894718
28057084
28052070
28056825
28061753
28074107
29201413
28119858
28041929
28086915
28062393
28329470
28099433
28106821
27000449
28184217
28129328
28129372
26607860
26792283
26826161
26846151
26887890
27288417
27712952
27773758
27786615
27836225
27836808
27855081
27922851
27984551
28045107
28068218
28079746
28079748
28079749
28079750
28094551
28100758
28224434
28345563
28462398
28535271
28183393
28183394
28217555
28223970
28075562
28182670
28205505
28226066
28080049
28199392
28261569
28214469
28225805
28226239
28225683
28293541
27154958
27627462
27743678
27787348
27955881
27993657
27997721
28011911
28077695
28141509
28175294
28178111
28178119
28182591
28213576
28257539
28277149
28282487
28290932
28290950
28252385
28357396
28281536
28329941
28288672
28352612
27956455
28327096
28060011
28347402
28350806
28350843
28362869
27235696
27739160
27988270
28002109
28088589
28092481
28093789
28282645
28282646
28282652
28369275
28377334
28388469
28413202
28631649
28681823
29253450
29492935
27835064
28330939
28406272
28100498
28228394
28332661
28435302
28399798
28399813
28449734
28449737
28329383
28428838
28426814
28427377
28436019
28438125
28440293
28442719
28496443
28453175
26969456
27502694
27582249
27793330
27816380
27862349
27990018
28073612
28214223
28223346
28258251
28264910
28377422
28398639
28407642
28407649
28425301
28509026
28535856
28617561
28628024
29717826
28385608
28465429
28467432
28469158
28472926
28482436
28553623
28413133
28402260
28510361
28514660
28515460
28567043
28525970
28531212
28456528
28559923
28562672
26304641
26415750
26576707
27084839
27440873
27542698
27600207
27759910
27979910
27986968
28095586
28167140
28189786
28254763
28283408
28297632
28301989
28306562
28336198
28368459
28384432
28404675
28425774
28444306
28445684
28477924
28499283
28499285
28564566
28564567
28570638
28570663
28576785
28590237
28660278
29209488
28577539
28616412
28601086
28660176
28706939
28369227
28396349
28520912
28622339
28632191
28652937
28646898
28721112
28662043
29263922
26527219
27558163
27582306
27707952
27852922
28220321
28430679
28461392
28490486
28528844
28588068
28593794
28604481
28604482
28608791
28608794
28634195
28693667
28694268
28717267
28722452
28820419
28871927
28989185
29063885
29063893
29205197
29560668
30148266
28674410
28757928
28602608
28698342
28770172
28546072
28838074
28838077
28838078
28838150
28635162
28770201
28744480
28747198
28795162
28754106
28431099
28472466
28505248
28582495
27864473
28235839
28260146
28475737
28476331
28487054
28516400
28637523
28703728
28771138
28854672
28828298
28852668
28797112
28806985
28364702
28765368
28813455
28851925
28912770
28067600
28159916
28201951
28228485
28316071
28361246
28373241
28505240
28532600
28632470
28648621
28679521
28741188
28747059
28803120
28809772
28809773
28827304
28827306
28899468
28923817
32944702
28739800
28951853
29034107
28898240
28520854
28915869