22678036
22697142
22706212
22706215
22706217
22727081
22742483
22762073
22772614
22846120
22870399
22876801
22930827
22937701
22937702
23038845
25493166
22747602
22762232
22767613
22767614
22783058
21827822
25478103
21797933
22113367
22252268
22258649
22363020
22375045
22399277
22455539
22517887
22615318
22622447
22644029
22669447
22698048
22797690
22801342
22801343
22801345
22801346
22803817
22861662
22904135
22928280
22930291
22970467
23007212
23007214
23009008
23430959
22711538
22883325
22907315
22894815
22761422
22824940
22402815
22569709
22795612
22855710
22877592
22877595
22877601
22895675
22902661
22902666
22902672
22925125
23033522
23033525
23033531
23093203
23157136
23163048
23197282
26782047
22846397
23000869
22984897
22169584
22491994
22517888
22535909
22544308
22564212
22646503
22661633
22672264
22738848
22807527
22821199
22878023
22968052
23001266
23007248
23007249
23082961