23083043
23116355
23176863
23189457
23210107
23210390
23241124
23282493
23298500
23926547
29662365
23050685
23110684
22850275
22052774
22628664
22633246
22645390
22661631
22884019
22915612
22933594
22940277
22950949
22960504
22961851
22984084
23002192
23015646
23050734
23064532
23064538
23106370
23155097
23168304
23184593
23285436
23367762
23379188
23380197
23457138
23157146
23174009
23129646
23198910
21864020
22552906
22595630
22717470
22891032
22901061
22917694
22934581
22940493
22981069
22986006
22988022
22993183
22995365
23015673
23042990
23043454
23113560
23128289
23140620
23140621
23142353
23168755
23169170
23187982
23191952
23228841
23258823
23373030
23391789
23391797
23440251
23488303
23593733
23593735
23198689
23053434
23216954
23236032
23045619
23316985
23157728
23253518
22959960
24893303
22429498
22449180
22540376
23006599
23086406
23100348
23100568
23104293
23132491
23178502
23181977
23244274
23254117
23258645
23260839
23294642
23308295
23326612
23342025
23358892
23362449
23390905
23409113
23424650
23429090
23431368
23435820
23441233
23457650
23508446
23509729
23512512
23513400
23516655
23527131
23548718
23555586
23555616
23590351
23648243
23654060
23690681
23698492
23705835
23724517
23766556
23781508
23785233
23785284
23822625
23882139
23888605
23914292
23926558
23950718
23970289
23990843
24008484
24223415
24300765
24340964
24367281
24382941
24418917
25098047
26105737
26316957
32226590
23146675
23324823
23343391
23347393
22199135
22683893
22728911
22855433
22941863
22941864
23076401
23102593