
27275411
24918090
24897111
24906862
24911516
24917067
24915990
24959423
24959424
24921247
24923486
25026858
24415785
24959205
24955832
24967629
24971628
24972919
24352134
24352135
24446528
24633167
24690473
24696024
24711570
24717166
24733093
24740081
24759719
24768625
24780199
24787738
24798277
24859465
24875405
25080332
25151762
25166434
25180857
26396445
32287359
24997675
24891214
25011479
25019210
25019616
25019934
25022301
24338606
24338632
25025338
25051930
25068694
24196751
24522393
24583966
24602605
24613856
24704369
24771307
24810212
24814157
24818991
24838663
24855914
24866804
24869855
24898857
24899041
24942261
24951461
24985494
24986642
25013973
25013975
25016599
25066238
25184348
25195368
25297359
24992718
24958721
25106851
25123797
25027937
25337183
25153124
25157184
25158743
25237598
24862987
24480850
24604333
24982265
24987099
25001308
25038093
25054477
25070851
25118322
25118973
25187888
25322708
25349693
25352887
25412486
25412551
25056950
25077421
25621003
25309881
25215504
25114102
25243015
25153930
25254560
24203685
24337865
24567444
24585717
24612901
24700815
24705131
24723309
24809274
24833521
24878744
24942817
24998449
25056129
25060984
25066435
25100823
25116793
25122855
25150957
25159333
25211249
25211252
25211253
25211256
25286957
25352707
25383001
25532465
25289640
25293760
25417359
25313403
24755433
25324326
25331311
25386180
25352618
25356686
25358497
25927224
25193659
24728044
24874538
24935861
24974317
25100744
25129857
25132162
25154560
25172824
25200263
25250726
25299413
25299418
25303829
25316918
25340463
25436876
25437724
25484389
25675802
25394161
25397411
25369774
25378473
25375642
25414835
25437549
25388670
25392082
25253688
25484919
24529883
25403312
25421093
25324548
24387885
24548090
24616118
24616119
24695015
24827556
24920666
25013081
25107710
25156010
25222531
25240514
25256084
25287930
25288086
25315131
25330794
25377871
25380734
25381374
25419772
25442760
25491714
25500516
25532886
25580274
25581806
25741424
25472658
25471819
25501038
26237608
25043452
25514140
25526679
25528659
25550323
25551828
24695017
24810211
24983680
25313220
25349155
25381292
25385457
25399111
25424053
25445657
25472923
25483545
25504300
25526018
25539432
25553280
25554607
25630006
25654356
25683522
25685793
25695086
25755892
25785190
25794609
25800840
25872387
25877089
26023809
26086164
26158574
26158582
26211606
26234041
26260728
26316982
26392647
26392654
26409548
26424277
26424969
26496536
26528045
26535784
26557143
26591660
26653262
26663988
26675210
26691007
26732001
26829843
27019911
27032228
27142499
27407230
27790645
25448112
25544050
25544054
25582975
25590331
25615574
24404853
24976530
25107711
25282115
25336625
25342812
25382739
25404022
25439605
25472488
25485648
25490105
25497459
25500096
25514575
25529577
25533217
25541008
25579069
25585069
25654676
25796688
25854004
25854005
25854006
29769927
25705208
25717440
25569801
25886914
25690695
25697765
25714363
23572374
24828551
25253762
25281761
25348220
25371420
25426655
25512674
25540390
25540399
25565213
25572939
25622941
25637024
25659837
25668640
25668641
25668647
25692800
25695394
25728085
25733268
25770718
25782033
25822427
25954668
25992931
26790015
25751782
25764187
25756658
25829036
25880077
25799263
25815466
25870512
25826298
26063088
24643518
24867819
25069382
25148655
25498158
25542839
25595915
25604091
25661498
25704502
25713205
25714587
25732755
25768859
25776842
25866006
25866566
25927024
25953941
26023576
27492544
25859659
26131227
26034530
25901349
25906164
25906393
25909443
25738816
25915399
25922100
25922103
25925662
24912535
24925897
25015933
25237127
25243719
25313204
25326872
25352691
25614466
25721352
25734538
25753079
25771502
25832444
25836384
25868133
25868134
25887854
26467132
25965545
25920978
25970613
25492913
25648236
25978204
25995221
26010772
24523487
25013220
25624153
25717022
25724891
25745888
25752416
25761873
25981375
25989525
25990783
26099898
26197536
26031715
26042774
26046359
26061040
26083250
26084755
26089520
25959533
25944661
26121655
25761740
25823977
25833314
25917593
25926497
25930206
25934156
25939505
26010780
26015828
26125533
26131720
26147143
26195682
26222746
26222748
26431666
26633925
26665775
26692622
26849693
26118995
26169173
26195002
26207372
26208181
26208287
26220935
25957906
26220080
26220178
26227590
25995447
26230085
25208533
25512673
25533744
25592078
25637328
25714102
25883118
25981184
26022653
26056386
26063863
26086356
26109550
26119074
26165434
26165436
26226530