33604091
31965155
32345631
32393529
32780441
32833894
32910032
32976355
32976356
33036769
33078228
33206237
33417838
33433170
33448727
33448728
33521848
33534742
33636060
35544242
33512479
33541962
33570027
33624738
33554267
33590344
33491098
33590353
33594486
33671616
33692981
32737209
32910033
32989170
33003186
33029766
33075404
33132224
33277967
33545325
33622474
33640187
33964838
34151159
33658279
33717675
33747047
33468625
33712266
35128439
32639528
33712643
33791384
32729617
33431433
33729405
33729413
33796486
33731049
33760867
31958120
33782064
33854490
33785629
33538819
33693620
33790370
33937002
35586641
32611546
32918951
32924208
32989630
33006520
33034227
33427085
33492094
33570465
33589805
33682583
33794773
33856180
33427560
32052829
33912473
33537731
33997299
33853816
33581128
33857160
33936099
34093967
33558321
33861754
33875006
33875654
33879251
33611556
33878134
33886668
33891652
33853224
33910514
33946391
31272257
32498967
33044377
33044378
33122597
33127418
33137012
33242473
33242474
33301693
33496203
33533690
33534405
33573837
33612012
33714639
33902811
33929174
33960288
33973355
33939630
33939747
33945580
33947462
33952203
33956840
34035667
34067003
34067165
33970945
33972604
33930127
33974662
33975934
33985443
33349846
34001198
34001998
34008722
34008730
34041379
31840181
34024673
33771390
33132299
34039298
34072200
34070767
32321682
32771642
32782336
32859684
32956240
33096202
33208512
33229965
33276125
33444557
33452129
33460481
33492527
33618038
33685970
33752518
33753471
33813811
33838588
33905914
33961493
34184981
34195620
34235228
34327356
34479288
34795711
34204170
34169005
34177961
34178906
34234859
33763901
33875478
33875479
33875435
33910964
34145318
34154600
34157055
34161706
34166379
34174905
34183027
34101486
34421489
32563585
33093289
33214195
33264263
33277768
33315748
33403516
33421260
33434747
33530892
33533315
33544205
33883524
33930228
33940135
34029611
34055347
34057249
34097283
34146691
34148563
34174226
34195578
34211075
34298369
34301675
34671693
34225661
34225822
34358171
34552793
34237074
34237111
34052658
34255738
34285479
33891941
33941579
34001559
34349750
34304925
34292926
34368013
34330850
34438979
32912933
33004610
33082236
33346591
33615914
33705748
33716075
33769901
33774164
33783413
33886170
33896044
33949249
33967233
33983084
34110729
34110757
34110758
34110759
34288143
34366085
34587122
34652398
33367598
33444436
35014772
34414130
34451996
34370735
34380730
34484137
33462582
33512482
34396397
34396398
34396400
34396401
34396402
34396403
34396405
34396406
34396407
34396413
34396414
34396415
34398819
34393245
34417414
34440586
34323972
34426450
34497776
34572612
34577786
34342542
32883750
33106438
33106439
33122424
33122425
33188137
33208509
33346588
33389266
33412301
33560092
33894150
34009081
34107106
34110754
34117188
34164797
34224899
34225553
34364258
34397971
34425937
34471222
34484996
34496152
34557562
34604467
35950174
34576759
34479551
34495263
34488704
33606009
34492008
34571990
34568091
34378560
34521367
33674869
33744938
34278431
34526512
34575278
34125599
34543293
34570799
34650533
34631180
34591882
31960732
33341349
33723736
33783414
33846057
33859147
34052582
34078564
34089202
34096386
34110736
34110740
34186066
34186068
34229521
34325205
34332883
34362706
34378266
34533583
34545797
34684219
34702120
34849117
34882378
34981015
35070676
36105492
34650839
34681096
32750107
34620929
34720841
34662351
34076475
34612619
34684295
34000039
34050737
34695789
34706763
34710082
34714865
33328194
33397798
33833149
33859144
33865675
33993163
33993165
34009918
34045364
34087450
34174039
34233535
34311604
34321448
34390765
34418493
34480919
34520263
34724400
34730837
34742364
34796625
35392343
32766821
32776137
32877521
32877526
32975293
33044490
33300564
33625487
34730834
34909106
34748579
34755815
34819931
34529798
34265463
34303138
35087955
34869072
34797283
34797827
34173649
34817702
34819068
34877840
34911852
34843480
33361465
33423450
33431605
33608480
33993157
34030155
34117187
34176640
34192725
34392724
34475361
34523177
34535614
34571353
34580906
34654767
34695236
34716742
34738268
34741525
34775078
34929990
34967176
34975260
35506859
34881023
34925371
35004036
34947890
34879820
34956109
35146365
34959572
34959573
34948264
34914750
34922593
34903051
34904862
34933533
35056458
35008605
35056934
35096671
33583215
34075001
34145079
34169924
34304926
34310524
34310525
34310527
34487388
34565231
34565258
34580009
34607000
34618416
34652537
34758169
34798573
34844665
34859581
34924101
34936422
35004175
35027140
35422211
35762449
35819075
35938590
36300428
36411712
35046926
35047416
34983422
35051108
35087765
34918079
35062772
35027093
35047856
35095800
34935346
35037814
35186589
34731020
35061780
34053955
34724387
35085261
35154028
35094705
35173712
35174109
33436503
33441449
34321450
34407011
34475357
34482355
34538874
34642498
34676780
34727757
34838958
34840272
34887176
34889088
34968530
34971729
36274971
36659843
35120153
35144602
35222300
35007862
34817203
35252346
34978925
35208932
35192658
35336085
33316078
33782146
34218681
34521505
34887198
34971768
35144493
35146037
35300377
35321311
36303661
35168728
35263349
35271658
35099268
35100010
35386911
35528764
34169683
34635321
34919828
34919829
34930626
34978363
35045381
35105978
35144833
35265741
34731021
35571500
35572713
33846278
33958492
34610459
34662561
35001017
35013084
35064690
35212932
35536784
35600700
34958185
35617304
35719337
32644461
35712312
34210839
34610441
35034049
35171128
35202789
35459636
35693060
35950128
29763134
35757611
35770176
35795837
35754526
35795184
35747471
34904517
35032274
35979244
35873141
35903198
35903464
35839235
35849577
35867689
35937700
34110735
34272331
34510008
35067599
35212944
35982780
31335003
32809709
36033806
36091700
36065279
34694274
34815362
34887352
35039435
35728006
30725971
33760503
31335045
36238249
36174054
36248887
34483276
36381602
36267446
30855801
30726047
36299763
36304236
36324475
36325020
36329823
36317048
36388349
36388309
36388312
34302959
34333041
34887350
35086915
36439830
36466885
36466460
36466478
36504970
36505424
36505459
36445916
30725967
35039437
35217590
35217591
36568332
36568751
36589475
36605505
36685953
36711362
33830872
36865595
33593835