
26411177
27468642
26248286
26258949
26262680
26290487
26103808
26163492
26179901
26285578
26308015
26296545
26313645
26204507
26464610
25209133
25228665
25258396
25542628
25543825
25688105
25759475
25792537
25957137
25989718
26075961
26099591
26119905
26228577
26255890
26270114
26272230
26294690
26294693
26297635
26343285
26355309
26468024
26622462
26779389
26195634
26353867
25900920
26368294
25748320
26220855
26290580
26442221
26409733
26418128
26418464
26423146
26424482
25307616
25605479
25944533
26089222
26093189
26117082
26173998
26194784
26216426
26216849
26261088
26283550
26290316
26294142
26299582
26310245
26360418
26372927
26372930
26426122
26429534
26743574
27491159
26505372
26417105
26462790
26484535
26281916
26471806
26475265
26490436
26494683
26501198
26505892
26510418
26087051
26513479
25505046
25637946
25746042
25855625
25990954
26169749
26201300
26235316
26320027
26327539
26369711
26371177
26378912
26428856
26446421
26457488
26462189
26462191
26482506
26501593
26601835
26829838
26536616
26556273
26568232
26576538
26584483
26438824
26608578
26616738
25858681
25921018
25935930
25940434
25940936
26010580
26019232
26107497
26166475
26302175
26372530
26386066
26413816
26416906
26416907
26416908
26423658
26429774
26453268
26453947
26515484
26519447
26586849
26625285
26691043
26730366
27066178
26656452
26656797
26667838
26602615
26602617
26602623
26602624
26666587
26734002
26681200
26687891
26657117
26779446
26699167
26713628
26616600
25601300
25663246
25929200
26084267
26153117
26160018
26386469
26489840
26489857
26507934
26511740
26578244
26580416
26650989
26650990
26656441
26691509
26691688
26727196
26743152
26787639
26862428
26889644
26904785
26961815
27020297
27031891
27064841
27076145
27094840
27095929
27119076
27144177
27156324
27189090
27213552
27218014
27242899
27313440
27366021
27463616
27500582
27512795
27514125
27514136
27536736
27559553
27610383
27631046
27672303
27720012
27747116
27756453
27803429
27937043
28217702
29370486
29370498
29790713
26726882
26729391
26730599
26739719
26739733
26527644
26771906
26774818
26787828
26790411
26807957
26808155
26813809
26813816
26812948
26817815
26822715
25580560
25969541
26002319
26082320
26136508
26268662
26283740
26285773
26447825
26512034
26514579
26547264
26567608
26568059
26597986
26597987
26613554
26658657
26659209
26760178
26760180
26760181
26760183
26766527
26769308
26771402
26779687
26805615
26829550
26841046
26930148
26930149
26942354
26951983
26837460
26842360
26842862
26860629
26871455
26871898
26877884
26347571
26879379
26880101
26912299
26919720
26927453
26927226
25651208
25812673
26268510
26275416
26280325
26297719
26381674
26404946
26538553
26656886
26676260
26719439
26733496
26810921
26858799
26858978
26859803
26892930
27007215
27043670
27070965
27294217
28913082
29900103
26942752
26849778
26974653
26981769
26987367
26988341
27001608
27006461
27026347
26442504
26577338
26608577
26678863
26706820
26708458
26755533
26775010
26787715
26845624
26846572
26867646
26883826
26886379
26906904
26967296
26995085
27141466
27166039
27642272
30088705
27089359
26962046
27079521
27082962
27090402
27138664
27102989
27199987
26555849
24712657
25957327
26166139
26265066
26290483
26582560
26586777
26597572
26849001
26892292
26914207
26944507
26949934
27100764
27100765
27134121
27158510
27244777
27384828
27531428
27144573
27144308
27144856
27144857
27144858
27146362
27152704
27247863
26686917
26743846
27122199
27215275
27219121
27227411
25957326
25999170
26307516
26487754
26519942
26732253
26771145
26819339
26888658
26962080
26976875
27013259
27028620
27040805
27046236
27050292
27091503
27108705
27112831
27196259
27196260
27196261
27200521
27200522
27225257
27225259
27225260
27348456
27429850
27525325
27559544
27598277
27865215
27256995
27277944
27105564
27263495
27268218
26658669
26908758
27366689
27335367
27342438
27354249
27362788
26158451
26350429
26598978
26647717
26720306
26878091
26931504
26951818
26971582
27021640
27064452
27114464
27116008
27130478
27160295
27177510
27243142
27322041
27322048
27412206
28994548
30581580
27404379
27412444
27434536
27454254
27425412
27448797
27325352
27464881
27467585
27389169
26874079
26886234
26938202
26952078
27091634
27164464
27165786
27208400
27238759
27246568
27286952
27312142
27324895
27414683
27419816
27435913
27502695
27617108
27695641
30226955
27483002
27486990
27681919
27502928
27505160
27260786
27588273
27602332
27681924
27580005
27566631
27575840
26140694
26199286
26378187
26378192
26474600
26646684