28966918
28918430
28934342
30234930
28937705
28692536
28945766
28945814
28830072
28830076
28854690
28114879
28120644
28120646
28134005
28166698
28186463
28323193
28444417
28488731
28629687
28701400
28784680
28803864
28867456
28878094
28910265
28913832
29080882
29208873
29405144
28973037
28835360
28993385
28988539
28988540
29067282
28855311
29043753
29052561
29053737
28032361
28148678
28238212
28396556
28476913
28502874
28534712
28555934
28639162
28697843
28708696
28799270
28836704
28864426
28876314
28878004
28918068
28943174
28960028
28973295
29022366
29022544
29048296
29066031
29124247
29140608
29364432
29404533
29487468
29118442
29167794
29125849
29132441
29180986
29029270
29141635
29150677
29150724
29162849
29053275
29170355
29225789
28961985
29040458
29190298
28334949
28497706
28583015
28668360
28777262
28832936
28876302
28876312
28913776
28914654
28921726
28923300
28929792
28970272
29016320
29021154
29074030
29128125
29140889
29175995
29223960
29223965
29285712
29317940
29376018
29376609
29492473
29176144
29216217
31618181
31618186
29276602
29312283
29322031
29232399
29232692
29376031
29240704
29240781
29246195
29262776
29262799
29273004
29282126
29040500
29186396
29284768
29288183
27033698
27197644
27370345
27370346
28506737
28741042
28784332
28864236
28876291
28930567
28988996
29027172
29038126
29071471
29084894
29122514
29141720
29145645
29185266
29196272
29218640
29232584
29240635
29240636
29264970
29292525
29313867
29380707
29553074
29563718
29664545
29667379
29692244
29940550
29995572
30078192
30135344
30147240
30212594
30226491
30488757
30532107
30724996
29293503
29298975
29304083
29123027
29136127
29404279
29363431
29410954
29417046
29253201
29382731
29386631
28152632
28421619
28490581
28600332
28637238
28698211
28838352
28868962
29028971
29077843
29117636
29132924
29158429
29174733
29260659
29267064
29329179
29329181
29388547
29396306
29439753
29451375
29770100
31034186
29402241
29419807
29426279
29217176
29468197
29447155
29451881
29670466
29463279
29467021
29588922
30756005
29476106
29482619
29440378
29535977
28724744
28768469
28776463
28798195
28799824
28920542
28947665
28967178
29066630
29068165
29186106
29207004
29247635
29258707
29271025
29287991
29309491
29324305
29419710
29420449
29456727
29458812
29497021
29500127
29545798
29560055
29623213
29686708
29512951
29513215
29513221
29538508
29523810
29530239
29538469
29543918
29545442
29549361
29555864
29743811
29279452
29566085
29581560
29643849
31829998
29037929
29059032
29065772
29110319
29126379
29282889
29314736
29334204
29336823
29345808
29358337
29371067
29371068
29474232
29501689
29518642
29524832
29553338
29618527
29635314
29668583
29782292
29782296
29866599
29866602
29435591
29608617
29615498
29617372
29619908
29624589
29634761
29641543
29686882
29447855
29531169
29689080
29578710
29698421
28843621
28919017
28923377
29097418
29157170
29183269
29198179
29198180
29345007
29410060
29454196
29463617
29465681
29465688
29465689
29465695
29483122
29499390
29505113
29513398
29530863
29573124
29692903
29695363
29715319
29847638
29727463
29706504
29743637
29861622
29746535
29760479
29798754
29798755
29868501
30040313
29843643
29900129
29855501
28627970
29066627
29066628
29262291
29377757
29417367
29450767
29452143
29460228
29465660
29465674
29477653
29510061
29608959
29722270
29729435
29776797
29776798
29879239
29898936
29901419
29932086
29935063
30003068
30068468
30069240
29660331
29967566
29866110
30008604
30018706
29912892
29914397
29891717
29946153
29960999
29138981
29146429
29289422
29350113
29465667
29471763
29486628
29512424
29620787
29661932
29693287
29706149
29707933
29712731
29746924
29748997
29848403
29860971
29866477
29896250
29946164
29554238
29762724
30002340
29729635
29735758
30038484
30038262
30094225
30147292
30052651
28108699
29409759
29417387
29420716
29427803
29431148
29465653
29503448
29514561
29627327
29656416
29748180
29771867
29777489
29848563
29850935
29858127
29891601
29892034
29902519
29927376
29987959
30001294
30001295
30068558
30068559
30320305
30483375
30534923
30607273
30106956
30118682
30007329
30186244
30144825
30224859
30153259
28943408
29306870
29389825
29476910
29485537
29509566
29511067
29563165
29567802
29599387
29617922
29655934
29690825
29694796
29703496
29899001
29927624
30038428
30051801
30074473
30095784
30102262
30231293
30317254
30245688
29964134
30201794
30226659
30234198
30294592
30296025
29917111
30249728
30075052
30249196
30319589
31999631
29380356
29452257
29528996
29973128
30038048
30039782
30067432
