30074254
30082190
30092271
30096329
30101516
30125691
30179654
30233675
30240810
30303108
30376912
30442635
30524975
30421718
30285705
30284525
30290835
30028574
30303481
30305318
30061357
30450141
29947802
30343849
30343857
30379232
30367605
28072668
28360379
28515200
29642121
29672972
29720385
29749879
29771869
29792385
29870502
29870505
29924422
30049256
30109584
30144190
30149363
30182860
30224969
30281189
30300019
30303949
30321322
30445531
31003249
31145563
30400890
30401777
30459737
30404936
30474023
30314703
30419040
30519127
30424737
30462789
30524392
30453907
30538819
30466466
30477441
28535295
29741592
30496244
30496162
30555802
29175001
29326177
29356877
29358524
29378902
29382788
29559392
29574464
29885991
29983342
30081083
30091534
30125380
30150251
30187651
30251925
30265355
30276834
30397340
30399091
30456870
30499824
30569650
30569652
30581881
30792826
32212485
28992068
30501682
30509189
30518587
30541468
30619180
30550537
30619780
30224436
30297356
30557408
30588417
30619216
30643842
30571705
30572839
30606394
30575720
30580299
30587234
29729331
29914793
29959096
30051926
30148756
30160339
30231833
30292480
30311994
30318465
30327896
30367535
30373805
30429052
30467059
30477893
30554084
30561321
30683037
30869031
30938344
31143862
31364548
31385265
31385266
31385267
31385268
31385269
31385270
31385272
31385274
31385275
31385276
31385277
31385278
31385279
31385280
31385281
31385282
31531099
31658334
31891165
32083275
32537588
32952138
30606127
30192954
30503337
30621621
30625140
30625059
30629647
30733803
30733810
30692972
30396899
30700982
30728975
30654762
30659036
30800160
30084883
30655633
30670509
30805068
30673699
30863622
30590252
30682211
30689671
30691524
30699355
30700477
30766521
30766863
31565737
29636285
29680458
29790947
29925670
30010470
30132214
30153085
30168068
30228109
30246476
30278027
30278030
30293504
30296916
30302805
30336068
30392431
30394335
30402768
30507675
30520712
30543311
30605081
30762806
30778965
30816632
30718536
30778341
30804931
30800114
30765452
30785560
30777008
30779755
30782948
30791443
30741288
30802277
29431149
29906594
30098131
30126947
30181327
30363030
30380446
30390052
30390337
30447953
30466791
30486765
30505977
30528899
30558842
30608525
30629310
30698042
30741802
30777163
30789332
30844706
30848236
30881362
30920739
30920748
30832593
30837248
30886143
30967969
30890604
30893609
30900994
30922029
30962726
32030356
30904855
30928950
30471195
30528443
30551267
30651389
30709562
30714874
30739637
30755106
30799204
30882306
30894687
30902833
30972218
31143748
31745033
30938288
30943267
30948618
30987256
31001235
30947260
30987349
30967464
30971744
31024512
30992493
31014009
31049303
31002729
30858342
31013277
31015326
31017980
31026281
30107282
30119987
30181326
30242143
30554142
30628946
30676485
30683578
30722752
30878686
30878688
30878689
30891106
30926519
31074362
31111817
31137965
31164192
31417035
31062099
31134002
31134007
31134043
31096920
31100923
31101696
31101863
31211044
31137741
31130662
31141911
31142036
31138228
31150440
31210732
32053510
29278958
29937303
30072285
30480810
30606817
30655036
30720674
30962403
30995991
31031172
31095100
31095102
31176395
31213219
31266590
31859747
31890462
32223089
31223496
31164096
31164450
31170215
31249813
31249825
31097582
31164418
30820577
31227715
31249676
31275530
31248368
31253622
31071377
31261812
30081010
30391581
30392736
30833332
30950981
30988057
31046619
31054966
31175391
31179859
31194715
31194717
31233434
31260486
31307183
31553313
31922106
30312389
30873541
31029735
31333682
31306419
31379424
31311884
30351348
31340797
31565624
31440052
31365550
31370214
30375511
30719706
30954953
30957594
31007108
31010954
31055469
31074566
31085708
31097677
31097678
31112775
31122336
31160363
31162639
31190174
31193761
31256954
31270010
31296280
31320599
31468679
31468730
31573518
31647538
31390037
31387908
31440475
31448242
31405377
31202460
31409678
31412025
31386347
31528632
31552195
31455431
31695443
30520971
30394817
31113904
31145447
31225920
31259855
31284840
31285254
31286209
31329097
31335275
31336230
31372233
31389367
31401990
31402004
31403518
31415336
31419583
31552817
31640028
32233207
31510949
31511286
31514378
31513653
31107956
31395511
31524362
31481610
31536549
31546941
31537203
31537206
31537207
31646255
31557782
31554017
32074096
29560794
30878312
31243838
31255523
31259852
31272132
31356530
31383744
31392943
31392952
31399261
31416691
31473105
31513857
31517808
31533531
31575885
31575935
