
23118476
23158750
23171088
23204471
23221127
23221768
23236082
23243063
23256948
23321989
23324973
23324981
23405376
23461304
23461305
23550267
25340218
23375142
23402242
23390952
23335262
23428270
22484838
22763410
22984085
23024224
23038711
23158104
23158366
23158652
23194411
23218799
23222729
23254134
23256944
23256953
23277388
23287699
23299013
23319558
23319560
23320468
23375081
23403604
23407467
23407469
23407470
23407472
23425799
23427929
23477553
23514834
23529298
23548214
23592294
23620154
23621949
23640561
23745341
23496833
23823885
23255565
23532978
23460336
22417755
23000752
23107293
23223595
23303804
23317578
23355254
23378575
23391639
23392481
23416214
23419460
23433914
23453701
23486492
23486493
23486500
23505256
23582071
23620184
23620186
23768092
23867681
23926567
23970658
23970662
24083010
24258059
24639758
26591714
23400774
23375977
23261696
23620749
23601556
22949217
23631602
23631912
22777641
23158843
23201171
23328697
23353013
23369293
23414449
23425506
23449004
23467604
23478318
23486711
23486714
23509912
23525359
23546865
23548755
23584805
23588122
23588125
23637308
23728751
23819400
23819423
22986056
24009891
23545893
24600556
23691028
23696825
23700432
23704128
23717625
23705624
23692878
23793671
23738030
23741420
23093735
23315098
23395560
23467600
23478971
23507273
23518359
23523596
23541981
23554203
23554208
23677015
23680906
23680908
23970750
23970751
23970755
23970757
24235946
25095696
23755308
23785247
23768498
23785525
23799146
23470847
23904877
23786423
23794585
23727243
23351274
23377534
23436027
23542454
23586346
23588214
23598167
23637300
23651619
23678058
23702105
23702200
23748338
23751932
23792903
23895711
23946479
23965768
23965779
24058897
24100816
24341208
23823683
23861986
23874749
23875038
23874730
23590987
23936096
23876687
23894341
23935908
23936573
23703617
22897222
23220783
23327247
23430706
23639791
23644175
23673287
23680222
23708130
23731506
23749408
23753625
23796320
23806149
23806660
23813703
23858500
23859905
23859906
23859913
23870029
23915415
23970572
23970591
24126358
23940777
23919807
23661795
23661799
23955190
23957327
23939174
23608632
23991024
23968487
23987831
23987832
23158540
23271498
23494197
23605850
23647919
23708800
23722921
23776193
23794619
23804384
23818716
23821769
23831212
23836817
23845558
23852872
23860476
23945422
23958358
23970585
23970594
23993451
24002555
24010388
24020741
24135174
24475696
23867464
24046809
24146687
23924396
24060200
24086683
22541067
22789437
23526412
23639679
23749142
23793551
23800942
23812958
23830869
23837619
23842467
23891224
23904075
23904458
23983235
24218946
24237439
24248162
24275729
24355218
24382185
24441248
24116144
24029580
24129624