31577714
31580630
31618167
31640843
31656005
31665272
31690365
32436880
32436888
31586185
31637241
31596851
31614620
31058473
30778532
31504315
31681215
31686938
31622442
31628155
31681634
31636331
31545893
31640755
31643153
31651236
31673281
31658258
32002069
32084021
29720007
30858330
30981999
30982000
31018992
31405957
31453926
31533513
31607467
31623703
31625852
31628264
31697227
31710445
31743938
32206238
31685017
31685849
31697687
31697787
31787950
32395566
31718545
31726703
31781517
30689759
31727155
31730499
31738795
31738869
31741118
31803632
31752720
31766703
31885754
31775360
31585730
32039039
28111145
29097007
30733424
30976995
31051265
31213098
31230920
31360448
31451347
31501283
31501285
31595872
31596737
31613208
31642639
31646213
31679805
31688720
31757192
31773996
31805637
31870131
31951687
31971555
32011704
32227740
32231855
32251562
31790512
31851887
32025513
31798000
31611288
31821348
31823768
31722179
31830061
31830129
31842384
31890236
31748407
31841516
31858023
31888186
31848277
31848290
33654954
31877733
31694973
31776583
31869324
31934366
32025406
32003164
30474539
31190451
31284867
31451535
31585874
31637787
31688719
31753423
31805519
31870238
31895782
32050884
32319834
32327618
32366067
32413253
32537381
33001434
33062980
33133666
33293489
31504647
31936047
31936490
31931876
32055503
31727505
31948401
31963395
31963568
31998566
31971951
31993218
31988007
31767467
31995238
31397549
32065159
31217322
31288994
31596951
31675147
31678035
31865863
31881110
31895526
31901667
31902016
31935208
31945307
32017957
32019451
32046818
31573603
33654733
32033533
32127796
31760040
32050567
31599954
32226670
31852766
32098988
32102805
32110902
30624683
31167824
31235527
31383780
31851086
31876865
31880741
31930578
31969380
31996095
32009570
32016474
32017172
32032316
32089090
32126947
32190707
32281589
32383564
32398991
33402906
32138376
32130213
32155798
32161654
31755895
31978455
32184310
32178748
32184237
32187221
31964744
31964747
32274387
32210474
32213195
32273674
31988079
32214342
32229523
32244550
32296647
30415606
31182361
31519382
31738915
31757739
31791041
31882383
31993971
32004254
32004255
32004256
32008410
32017971
32018150
32025745
32043457
32044688
32082993
32105639
32168225
32183939
32192370
32228828
32290900
32291912
32342905
32151463
32041796
32290237
31198933
31504314
31504333
32134139
32298243
31705704
32103255
32316668
32094256
32152196
32132192
32227948
32320571
32275137
32345231
32345293
32379710
31677225
31932359
32017908
32026472
32031768
32084433
32131701
32149953
32149960
32195309
32228159
32303643
32304528
32317440
32390381
32442426
32476479
32664712
32431682
31271192
32397254
32411400
32421719
32427995
32433976
32179584
32009052
31535123
32460721
32469898
32486337
32518756
30318949
31320394
31515293
32149958
32171768
32202687
32212259
32247863
32299615
32315215
32356960
32386995
32403988
32413018
32421299
32473145
32532724
32583248
32589825
32497069
32647750
32516318
32597859
32670702
32842324
32145988
32539504
32546213
32554379
32560559
32341118
32478518
32446560
32606124
31380730
32036466
32173573
32209954
32394877
32463429
32463432
32517577
32592523
32656570
33154242
32630694
32634134
32724807
32424009
32766197
32667914
32315672
32423914
32703819
32726928
32722712
32724139
32751142
32751883
29509650
31586947
31836678
31988220
32061528
32070662
32181529
32220009
32311665
32355106
32379403
32530259
32636237
32653859
32675380
32731917
32762828
32763956
32994904
32759237
32760101
32770958
31556949
32795362
32923409
32817110
32826099
33117493
32601108
32522828
32611792
32848009
32983740
31444277
31719170
32218425
32404400
32447324
32562845
32590078
32643040
32645377
32762852
32815903
32841434
32870912
32873765
32897012
33030832
32877398
32886722
32891137
32899480
32900805
32911499
33076608
32938957
32591826
32690634
32747602
32946535
32967910
32968007
32970672
32374296
32901793
33117332
31140943
32442683
32561420
32617786
32649578
32649579
32684296
32701401
32712115
32753000
32753001
32753002
32842906
32903136
32908008
32930821
32936604
32997014
33000886
33000907
33000912
33026447
33083025
34087923
32118511
33017417
33082702
32496735
33115201
33102576
33051378
32243586
32817230
33194804
33598210
33091023
32843479
33114427
33106516
33193323
33055216
33109267
33109274
33109694
33126635
33178264
33274127
33124529
31974213
32001659
32066588
32201011
32569256
32569258
32591108
32701764
32722871
32747796
32810868
32828583
32853846
32871127
32956172
32960744
32998641
33045163
33185339
33189238
33251294
33345925
33104232
33111150
33148312
34705395
32900818
33198730
33198750
33203456
33332026
33376658
31843597
32188772
32303577
32402474
32610147
32740451
32773611
32854606
32996866
33058314
33059307
33065117
33087404
33180014
33271962
33355675
33834999
33264307
33268771
31734695
31872856
33287170
33287799
33322392
32947446
33106295
33139380
33320864
33391210
33332296
33353937
33376171
33378545
33382076
33382077
31889502
32009316
32067623
32794312
32881091
32932385
32959238
33044320
33076082
33121362
33136149
33143985
33167804
33183923
33188803
33200728
33232216
33264795
33417851
33543164
33813469
33897287
34156000
34190930
34438398
34633969
34696547
34900393
34930054
35342849
35543433
35543444
33320275
33397284
33406131
33407263
33430411
32143940
32897321
33420252
33445644
33786526
33461496
33147327
33229367
33468693
33503149
33148708
33177120
33478403
33483442
33507914
