
24131550
24138699
24148656
24150466
24192560
23966022
23427272
23580610
23698512
23821471
23849061
23863874
23870458
23911713
24033501
24074902
24076992
24091779
24111488
24113404
24134626
24192348
24235068
24342787
24188541
24206645
24215287
24236009
24238294
24096029
24131208
24278400
24266906
24282565
24303023
24324933
24400036
24286785
22627011
23830072
23861207
23873765
23909922
24000224
24036669
24047438
24056107
24075820
24079950
24079951
24080632
24088850
24095619
24160747
24185178
24202554
24220356
24238108
24243716
24261726
24262217
24274654
24275271
24294616
24337121
24522303
24300158
24324615
24324737
24363655
24334198
24381934
24392355
24564848
24381252
24391860
23807656
23970627
23970630
24118383
24126521
24188598
24188607
24189259
24197878
24331366
24366753
24390919
24417784
24438725
24462432
24501151
24584375
24606489
24684032
24689719
24728243
24739832
24745195
24757446
24762640
24772781
24798016
24810350
24970962
24982675
25032212
25080811
25083897
25172291
25189136
25287838
25309740
25345236
25421201
25471163
25483666
25522709
25554725
25614838
25675615
26050420
24383586
24526918
24129440
24354275
24439903
24454950
24466199
24459269
24465954
24460893
24468054
23611401
23711359
23725796
23906072
23920398
23939010
23970638
23972426
23996104
24022847
24106338
24106340
24206234
24350790
24353266
24362467
24395291
24413484
24433194
24478509
24486047
24493491
25954485
24365515
24503298
24525196
24533538
24120110
24552420
24586162
24559849
24586120
24474273
24336210
23730727
23759367
24026408
24184305
24214488
24216036
24216037
24216156
24234071
24273127
24291713
24327758
24337731
24337732
24343644
24343651
24363344
24365033
24431187
24450867
24508691
24515768
24518282
24521720
24521722
24521723
24521724
24521729
24588896
24618022
24618039
24618046
24672617
24685900
24736142
24757735
24761248
24847612
24862043
24594663
25374648
24762692
24599315
24622331
24646934
23973245
24606636
24649964
24651768
24654238
24047881
24297377
24346121
24411218
24443531
24509351
24621121
24622635
24649815
24696438
24720755
24785603
24878918
24969456
25147704
24695371
24695582
27025738
24530404
24716676
24722392
24448262
24721461
24727742
24783061
24727516
24736397
24783060
24886846
24755001
24758169
24872872
24337733
24366777
24413970
24448560
24458565
24512374
24513099
24552584
24566180
24595143
24659687
24681882
24719029
24719031
25098114
24816542
24820470
24607214
24711617
24885306
24976873
23523029
24352129
24376189
24428415
24460742
24474636
24484215
24493859
24506514
24518939
24567522
24582738
24594973
24653040
24655220
24663021
24680363
24695778
24695903
24734149
24749920
24778450
24828565
24834454
24861439
24865642
24939689
24955802
24983532